1154.93
1030.05
976.71
1029.53
1127.02
1412.65
1875.37
2067.86
2155.11
2071.16
1996.01
1872.58
1777.47
1653.11
1484.19
1136.63
1436.12
1782.22
1981.74
2077.99
2019.79
1808.28
1423.40
1217.47
1113.33
1012.86
1033.53
1021.13
1026.71
946.39
1079.63
1267.03
1448.84
1601.51
1420.52
929.75
1068.26
1112.19
261.30
1079.32
1114.05
471.75
1447.09
1894.55
2209.29
919.83
1218.03
1203.67
1023.65
1020.03
1018.99
1012.99
1018.99
1018.48
1011.86
888.04
891.04
908.11
883.49
640.71
905.42
569.03
534.89
503.86
502.20
609.58
710.22
931.90
723.57
668.23
593.03
483.69
516.79
500.65
485.45
468.38
439.83
600.47
1137.43
1247.49
1046.41
906.14
789.98
723.57
663.57
615.78
585.27
500.45
500.65
709.81
723.36
774.36
752.43
656.12
578.13
499.72
181.24
176.87
176.04
181.86
199.73
321.11
675.38
1268.45
1934.48
1235.61
1130.55
1042.84
755.29
570.42
287.03
362.68
335.56
518.25
1232.91
1969.91
2078.20
1506.95
272.48
221.04
618.53
618.53
1027.35
1026.42
1080.68
1219.76
1704.87
1830.88
1849.10
1640.63
1029.92
793.55
820.62
769.35
741.04
769.56
770.18
1299.86
1704.25
1836.95
1760.46
1363.28
1123.30
621.51
733.28
680.19
613.62
695.31
757.05
762.70
895.84
1405.54
1557.82
987.31
930.31
896.77
824.03
724.12
721.76
754.68
769.80
832.46
844.29
948.11
773.30
562.59
463.82
281.40
147.72
86.80
21.75
25.46
90.61
204.63
508.63
952.94
988.30
875.32
843.77
870.26
662.44
429.67
267.51
359.78
315.04
1032.52
264.83
359.88
268.65
261.43
236.38
212.77
263.24
263.86
264.07
271.68
310.68
347.42
325.61
297.92
362.45
371.61
260.98
224.34
228.46
223.62
212.92
213.23
195.63
230.93
373.67
410.92
356.17
364.30
299.78
277.86
262.60
253.13
247.25
244.37
244.16
253.95
242.41
260.44
272.91
225.93
129.71
133.93
90.14
86.95
52.85
51.51
87.78
153.09
250.86
308.14
287.74
252.51
150.62
133.52
233.45
208.11
224.38
252.61
266.52
369.23
1742.52
2627.18
2842.50
2239.61
2056.95
1907.77
1875.22
1443.14
1442.42
1030.12
1442.52
1899.94
1931.57
2499.84
2524.67
1950.01
1442.63
1029.92
1030.83
1030.83
1030.93
1031.24
1031.34
1926.54
2365.69
2770.11
2683.02
2257.27
1880.99
1775.97
1402.88
1133.89
1030.73
1217.58
1441.84
1848.94
1902.84
2009.20
2061.56
1879.55
1785.04
1133.17
788.92
793.36
793.98
803.89
811.63
932.95
1891.51
1940.76
1979.79
1949.74
1215.75
1099.28
1000.37
839.82
754.33
715.30
786.03
929.03
1031.86
1135.63
1135.01
747.52
664.30
606.38
710.71
666.79
680.33
724.04
750.49
760.52
1034.24
2026.73
2066.10
1652.78
1602.66
1652.36
1292.26
1136.54
1015.33
864.16
1446.12
1176.42
1291.95
2114.05
1803.12
1601.53
597.05
461.48
515.19
473.59
462.93
463.55
516.43
569.42
711.83
674.26
718.35
725.18
720.21
692.37
673.85
644.87
529.89
551.62
641.77
707.79
724.04
820.29
732.94
710.07
649.01
610.51
790.59
722.18
714.94
709.14
704.38
672.71
646.11
639.39
678.20
672.40
671.78
612.17
647.98
536.93
358.19
417.29
540.45
567.66
591.16
607.72
560.01
535.89
502.15
421.53
383.24
362.75
364.51
387.48
432.09
457.13
469.03
527.09
685.44
716.90
663.29
427.33
247.76
136.20
135.99
136.40
212.27
628.10
718.87
729.11
760.89
751.16
718.87
654.39
703.14
666.50
670.64
702.21
861.17
932.38
961.87
1060.61
1097.45
1022.00
850.00
805.29
745.36
633.07
465.72
620.65
754.47
844.10
858.38
1656.11
1656.52
1656.01
737.50
664.22
1062.36
823.50
827.33
841.72
870.80
1233.65
1863.30
3016.12
3057.52
2582.90
2348.90
2098.03
1955.21
1889.49
1783.51
1778.96
1706.41
1449.54
1449.74
1862.89
1863.10
1449.33
1062.68
768.34
708.19
677.58
677.58
695.57
708.92
732.80
1447.92
2069.14
2068.94
1283.18
930.23
823.50
752.76
716.77
716.98
712.85
716.26
741.90
722.88
722.67
721.95
713.67
619.98
565.79
340.36
311.30
318.15
358.27
376.18
466.43
683.07
744.88
837.80
740.79
698.11
576.44
504.60
445.15
386.10
410.46
408.82
452.82
477.89
464.59
455.89
406.98
263.30
194.43
164.10
173.64
171.49
173.74
198.99
285.91
406.80
858.35
841.52
713.04
707.60
597.99
461.40
410.91
307.57
311.36
317.42
342.77
372.94
388.23
317.21
1852.99
1343.05
1242.58
514.73
514.31
513.80
514.31
514.01
251.40
927.23
1440.41
1418.84
829.11
509.79
214.73
136.54
139.52
136.95
136.95
221.30
564.76
1392.43
1686.47
1521.47
360.92
317.36
264.86
315.20
328.11
336.38
348.98
328.53
338.34
362.41
678.44
726.89
815.01
755.30
736.39
565.52
357.87
353.32
455.49
734.22
1126.49
1663.81
1755.55
2268.27
1690.67
1307.18
854.89
964.71
981.75
981.75
982.48
1038.06
1560.19
2450.82
2705.38
2814.89
2573.04
2402.89
2355.16
2179.84
2066.20
2013.51
1983.45
1957.72
2161.76
2610.75
2829.45
2848.36
2736.99
2624.07
1605.85
1676.04
1564.30
1568.76
1621.57
1723.78
2354.43
2759.95
3003.10
3003.10
2697.41
2442.66
2322.54
2272.10
2179.73
2218.05
2230.79
2132.93
2484.60
2698.96
2909.90
2969.55
2796.09
2577.28
2343.87
1806.78
1739.15
1640.93
1603.79
1652.59
1795.86
2540.84
2819.79
2767.46
2629.70
2343.36
2227.87
2160.65
2087.40
2010.41
1986.89
1990.95
2148.48
2489.96
2787.43
2771.10
2652.59
2389.76
2057.12
1949.73
1694.28
1663.11
1615.15
1772.58
2221.96
2658.72
2954.51
2911.98
2619.72
2345.20
2226.65
2168.68
2086.21
2054.51
2046.69
2055.35
2269.09
2658.72
2909.89
2970.57
2803.75
2643.71
1850.36
2095.83
2050.23
1999.87
1963.16
2007.32
2158.29
2644.81
2895.99
3011.39
2650.71
2381.75
2248.04
2154.67
2039.68
2018.90
2016.83
2130.16
2236.67
2492.70
2645.02
2683.28
2573.26
2437.90
2199.24
2062.01
1885.07
1792.62
1883.62
1884.03
1683.98
2024.04
2080.27
2114.73
2072.84
1973.18
1878.88
1812.95
1741.45
1675.11
1608.05
1678.10
1933.56
2276.61
2486.98
2544.03
2488.32
2407.53
1704.93