124.72
116.39
118.58
119.41
124.20
129.92
159.46
4509.72
2315.60
2364.60
2416.50
2371.36
2370.00
2354.40
2324.76
1248.19
2275.04
2341.09
2322.57
2299.27
501.15
143.23
114.63
85.61
55.34
55.24
50.88
48.59
47.14
51.40
74.35
124.60
1766.12
2844.23
2803.63
2523.48
1708.07
315.03
162.09
167.07
166.97
323.34
1518.99
184.72
143.19
108.51
66.66
25.13
15.90
15.38
15.38
15.59
17.97
27.43
49.04
93.82
122.08
120.84
102.86
80.32
50.81
37.72
30.86
28.57
29.82
31.17
40.83
45.72
41.15
37.92
31.59
19.64
15.71
15.91
16.85
21.84
25.69
43.27
63.44
167.24
166.93
167.14
124.39
94.96
87.99
85.08
75.82
78.94
100.26
98.18
123.04
108.06
71.04
59.80
47.32
26.00
17.00
15.23
16.27
20.52
23.83
32.02
51.50
119.38
184.77
363.64
518.46
363.43
253.58
263.63
408.20
259.49
290.16
363.43
272.55
218.04
159.38
112.13
83.94
51.61
122.63
62.66
50.83
47.41
41.29
36.00
31.64
32.99
41.29
44.20
34.13
31.85
30.09
30.60
32.06
34.34
37.04
43.37
122.42
135.18
104.57
117.65
51.46
15.04
10.48
8.93
7.37
7.27
8.41
10.17
12.56
14.95
27.61
102.56
165.16
194.54
163.71
163.81
173.67
200.87
310.49
692.93
905.11
1503.16
1033.01
1049.51
770.47
466.93
310.29
416.17
477.21
570.43
655.76
1515.82
4139.29
4255.24
4201.47
3896.17
3439.09
3187.67
3038.08
3052.09
3059.05
3118.32
3342.03
4113.75
4457.77
5024.37
5003.50
3112.51
2829.84
2549.66
2747.21
2702.42
2691.12
2581.62
1769.61
2358.99
3875.28
4199.73
4313.48
3886.17
3138.24
2858.37
2809.12
2685.00
2702.63
2701.07
2830.17
3555.70
4250.54
2846.03
4753.76
4338.26
4113.35
229.16
155.98
72.22
64.11
50.61
38.97
54.45
3485.49
3985.63
4011.29
3702.04
3147.56
2960.51
2849.64
2565.95
2575.72
2762.14
3073.99
3580.15
4157.50
4553.72
4611.92
4259.65
4126.22
3600.52
5.30
0.93
0.52
0.52
0.93
5.81
4120.94
4255.92
4204.53
4024.80
3598.47
3181.79
3029.79
2734.80
2714.45
2979.32
3392.78
4066.85
4560.25
5471.27
5419.04
4519.76
4205.46
3952.22
4271.20
4098.16
4004.02
3966.18
4073.38
4128.54
4864.65
5321.86
5266.81
4899.38
4353.41
4205.16
3902.31
3405.28
3466.66
3857.73
4077.01
4645.58
4958.16
5666.59
5721.23
5138.15
4750.60
4290.59
4358.60
4087.97
3957.00
2613.09
2612.77
627.90
3875.68
3965.89
4079.72
3820.59
3401.44
3060.78
2522.15
1959.89
2179.30
2979.46
3486.63
4206.19
4756.11
5134.19
5148.93
4896.39
4712.32
4344.90
4261.88
4066.36
3868.75
3624.03
3583.75
3593.51
3611.45
3583.65
3635.99
3480.12
3163.34
2617.90
1434.09
890.85
776.41
1682.68
2744.93
3516.73
4257.69
4657.12
4708.83
4735.89
4662.36
4171.57
707.18
628.62
618.87
628.52
741.90
633.97
763.20
4393.10
4784.46
4635.51
4416.60
4167.27
3671.86
2921.67
2936.88
2936.15
2623.25
2961.01
3566.66
3567.29
3566.76
5494.37
5190.39
4867.11
242.95
312.24
306.88
301.63
310.35
534.82
3000.17
5307.84
5276.24
5005.05
4611.13
4354.43
3665.60
3644.18
4163.04
4100.99
4534.59
5194.24
6148.70
6779.26
6456.42
5956.36
5000.85
5259.54
5386.98
4974.98
4854.26
4721.52
4764.71
5034.29
5770.12
6289.46
6492.67
5912.86
5654.56
5417.21
5234.34
5140.79
5069.79
5238.24
5568.49
6100.06
6950.71
7689.91
7001.80
6468.02
5675.73
5232.55
5404.91
4950.82
4951.88
4894.69
4932.53
5150.38
5674.02
6330.43
6554.51
6485.70
6449.76
6105.81
5775.81
5809.32
5605.32
5590.41
6047.78
6127.69
6633.26
6788.01
6034.78
3659.37
5284.09
1057.54
825.77
530.18
530.39
558.98
673.47
881.79
5459.99
5904.70
6073.41
6089.72
5994.40
5795.93
5589.83
5170.86
4766.61
4767.03
5073.85
5348.36
5639.29
4765.66
4265.77
3791.83
2435.78
530.28
638.02
637.27
581.96
603.94
410.20
364.66
279.20
357.23
742.16
1858.74
1879.12
849.91
296.18
177.07
168.58
223.68
289.60
572.62
830.38
839.61
660.84
397.04
245.97
106.05
4467.45
852.11
326.59
319.46
851.47
3364.71
66.06
3616.73
3447.05
3293.97
2642.60
1836.55
1010.30
804.24
1010.62
2120.27
3258.97
4724.15
5502.86
6146.56
6477.73
6333.05
6182.52
5919.34
5235.52
4956.91
4858.51
4650.75
4672.45
5161.05
5975.82
6228.58
6333.48
6183.80
6057.95
5892.21
5547.54
5616.15
5783.81
5992.95
6091.25
6370.39
6644.96
6914.74
5932.85
6345.18
5332.01
5658.60
2241.15
1812.37
1663.65
1811.94
2452.03
3762.80
4672.29
6952.78
7249.47
6824.10
6545.95
5878.47
5529.96
5527.30
5861.52
6077.40
6396.17
6744.14
7425.59
7989.77
6663.76
6235.83
4744.03
3241.37
2761.76
1048.47
531.13
531.03
531.56
2696.09
3772.04
5000.25
5433.03
5965.65
6089.46
5973.92
5344.65
5093.51
5535.84
5496.79
5304.22
5443.42
5675.68
5303.90
4578.08
5857.00
4573.73
2709.03
2064.35
583.13
195.72
422.78
594.03
3028.42
5189.35
6907.27
7306.23
6771.08
6110.75
5666.46
5357.64
5339.74
5322.79
5559.71
5833.37
7273.71
7564.22
7926.00
7855.78
6353.80
4977.96
1739.85
104.20
100.93
95.03
86.27
80.26
104.52
3596.39
5272.83
6538.67
8045.82
7856.19
7720.66
7229.60
6967.72
6624.52
6854.87
6448.60
7720.45
6538.14
5218.62
5025.19
3175.36
2109.49
222.33
103.92
104.13
103.28
104.87
106.56
108.99
106.46
129.42
2110.90
2308.04
3703.60
3702.86
5969.84
5048.57
5165.71
4497.04
4121.59
5728.57
6918.84
7015.87
4021.06
5131.64
2766.24
105.50
2357.75
462.39
149.35
143.39
134.78
126.07
105.55
1595.29
4849.53
4540.00
2853.94
2665.05
1203.27
786.38
137.87
644.90
1098.89
2550.57
4639.92
6531.88
7269.89
3188.77
212.59
89.08
88.01
81.64
73.88
73.98
106.19
144.03
191.12
4157.55
5952.35
5633.57
5633.36
5957.67
5304.90
4961.25
5120.37
4782.78
4263.42
4782.89
8004.61
7966.66
7866.53
3188.77
1541.18
198.67
223.69
209.11
213.58
217.20
266.69
597.97
3249.74
8081.31
8218.91
7893.26
7074.68
6175.12
6058.90
6086.68
5895.44
6186.18
6107.33
7756.41
8243.92
8513.26
7869.74
6039.64
3626.36
2101.90
5527.71
3302.69
3302.37
852.92
3302.37
1436.35
6760.21
7534.70
7664.92
6861.12
6748.70
6871.46
5892.15
5638.00
5295.93
5404.52
5635.12
6674.42
7495.27
7800.36
7430.70
7043.87
5860.93
3303.11