3110.84
3117.62
3039.64
2933.44
2973.91
3100.56
3862.77
4930.89
5067.71
5032.60
4955.28
4882.65
4789.14
4883.86
5075.58
5064.98
5009.63
5294.33
5138.14
5007.99
4711.71
4150.52
3636.15
3250.95
3344.64
3212.09
3187.30
3185.99
3204.55
3344.09
3852.78
4515.85
4833.14
4729.75
4665.87
4472.84
4410.60
4195.94
3358.28
3144.50
3077.03
4040.25
3559.40
3326.62
2756.46
3033.46
2947.75
2711.04
2529.17
2502.18
2459.74
2394.67
2449.41
2583.36
2657.68
2668.23
2709.15
2915.24
3144.19
3192.39
3055.50
3027.10
3044.29
3179.01
3264.10
3295.55
3199.46
2992.93
2878.90
2863.77
2797.29
2625.36
2511.41
2394.06
2516.74
2293.58
2279.64
2325.80
2306.75
2435.31
2779.20
3068.66
3195.27
3257.21
3238.92
3203.65
3228.58
3248.17
3427.25
3664.78
3215.84
3185.69
2842.02
2938.79
2804.79
2614.28
2233.38
2081.30
1959.38
1930.31
1781.61
2660.33
2870.43
3233.91
3141.93
3265.92
3407.65
3580.42
3523.81
3483.53
3656.94
4464.25
4576.49
4844.07
4602.18
4546.55
4168.15
3539.27
3232.61
3109.05
3167.16
2952.61
2931.27
2950.21
3053.19
3285.38
4038.45
4918.54
4841.37
4886.65
4933.35
4904.50
4941.73
4856.06
4992.68
4940.32
5024.03
5218.55
4941.30
4553.01
4016.24
3472.50
3319.89
2910.70
2882.04
2567.57
2221.08
2178.06
2507.23
2825.50
3070.80
4138.15
4412.86
4294.79
4122.58
3872.92
4138.92
3744.94
4444.78
4757.17
4945.94
4566.77
4356.98
4230.41
4453.06
3563.47
3197.05
2967.32
3231.76
3068.49
2947.08
2949.70
3010.68
3276.24
3589.23
4441.21
4893.98
4962.50
4894.31
4876.49
4901.08
4898.79
4962.06
4994.19
5059.00
5444.66
5019.11
4961.73
4741.96
3856.87
3501.80
3128.38
3558.93
3265.03
3198.88
3157.61
3216.34
3390.80
3916.80
4971.52
5177.96
5182.44
5145.65
5285.72
5252.31
5131.13
5201.43
5173.81
5059.95
5545.00
5168.68
4929.27
4803.61
4104.90
3601.83
3369.40
3304.07
3235.55
3081.14
3042.62
3019.71
3058.23
3152.40
3339.65
3754.85
4327.85
4575.77
4499.93
4344.11
4101.86
4114.63
4293.91
4589.52
4909.57
4830.79
4590.94
3940.90
3534.21
3357.11
3113.00
3278.20
3140.99
3142.08
2972.37
2927.65
2936.60
3064.64
3051.01
3196.73
3491.22
3561.67
3764.98
3792.47
3541.93
3580.87
3670.31
3943.96
4514.84
4690.55
4501.75
4188.06
3657.66
3532.23
3340.26
3055.92
2643.96
2617.68
2617.68
2617.68
3020.14
4175.41
5508.02
5803.93
5471.49
5513.15
5424.59
5343.87
5265.89
5519.37
5828.80
5945.83
6260.39
5947.03
5408.12
5167.62
4352.87
3694.19
2181.29
3258.99
2841.58
2667.72
2651.36
2968.32
3364.68
4023.56
5450.19
6236.14
6034.69
5650.66
5509.74
5265.64
5519.23
6028.36
6219.67
6435.08
7253.21
6499.87
5699.74
4935.05
3858.76
3501.45
3087.53
2964.26
2948.78
2929.37
3030.87
3049.30
3391.85
4021.03
5396.37
5887.20
6211.33
6161.83
6192.68
5735.76
5622.71
5614.20
5762.26
5941.82
6432.43
6072.65
5675.47
5319.29
4324.66
3834.60
3586.24
3265.63
3164.83
3042.04
2941.13
2984.13
3152.75
3685.15
4779.25
5334.19
5330.16
5165.68
4928.38
4465.09
4316.40
4953.41
5115.39
5279.76
5442.72
5441.74
5285.20
4788.50
4002.79
3667.85
3324.30
3231.37
3142.16
3055.68
2948.15
3081.42
3231.92
3790.73
5128.10
5927.16
6161.85
5963.26
5970.02
5432.48
5172.92
5100.72
5072.70
5218.94
5507.40
5354.50
5103.45
4372.87
3649.82
3353.95
2955.89
3051.59
2967.00
2676.69
2564.80
2517.99
2517.44
2553.01
2659.51
3205.44
3301.92
3327.47
3096.52
2974.38
2805.66
2939.14
3122.29
3360.51
3605.45
3482.87
2665.24
2545.30
2532.97
2177.57
2027.12
1876.78
1775.18
1723.44
1469.18
1487.31
1310.55
1404.62
1896.23
2262.81
2124.51
2353.02
2158.78
2053.98
2421.45
2537.08
2651.61
2582.07
2536.75
2439.24
2302.61
1437.35
1802.82
1445.53
1141.08
1160.20
1003.00
647.92
657.43
802.36
1206.19
1938.57
2653.49
2758.95
2750.99
2750.99
2731.09
2749.33
2717.27
2757.40
2750.55
2752.87
2750.99
2750.99
2510.66
2100.19
1930.72
1838.75
1327.24
1191.20
1017.46
1017.90
840.63
902.18
1092.33
1651.43
2198.52
2459.69
2478.85
2426.33
2503.07
2413.77
2380.63
2512.32
2477.41
2506.48
2521.23
2581.13
2532.36
2512.98
2466.07
2253.58
1875.81
1965.70
1932.74
1931.41
1857.21
1868.60
1990.47
2379.87
2732.56
3019.22
2984.27
2783.76
2745.39
2642.75
2575.62
2665.54
2532.16
2486.04
2720.72
2598.85
2497.32
2335.63
2078.17
1886.51
1549.31
1716.98
1611.92
1552.02
1465.89
1419.50
1726.17
2035.49
2428.17
2437.14
2454.30
2490.17
2484.30
2480.31
2400.38
2361.30
2329.20
2360.19
2371.27
2425.96
2379.57
2172.65
1985.00
1539.07
1178.93
890.95
838.69
809.41
809.30
851.40
933.49
1872.16
2090.26
2397.52
2454.97
2486.90
2429.89
2461.93
2496.96
2473.75
2404.26
2453.43
2364.60
2319.41
2192.46
2003.53
1720.69
1643.35
1324.71
902.61
560.24
555.79
370.38
410.06
538.90
639.50
1091.58
1358.36
1621.47
1700.73
1612.02
1540.66
1648.15
1679.61
1782.21
1812.44
1849.68
1661.27
1540.10
1441.39
1333.90
1297.22
1231.41
1339.39
1248.41
1187.61
1011.56
954.32
930.93
930.82
1007.55
1226.03
1261.44
1331.82
1351.41
1124.80
1064.56
1034.38
1225.80
1257.32
1452.30
1340.50
1196.52
697.76
684.50
566.80
357.56
317.14
329.50
293.65
237.19
199.33
181.84
201.67
259.35
420.37
531.61
644.53
641.19
596.64
333.96
363.47
378.50
530.39
551.10
567.36
530.72
530.28
490.41
330.50
216.92
222.04
111.13
63.36
55.68
127.61
218.15
338.74
779.82
906.21
1060.11
1042.62
1178.37
1199.64
1207.10
1213.22
1412.21
1603.75
1724.68
1789.82
1345.18
1056.10
763.68
741.74
705.22
558.14
369.75
384.04
377.56
497.20
583.70
694.75
726.55
779.01
777.00
781.91
784.36
806.91
847.87
875.88
1105.57
1275.21
1353.33
1338.15
1061.82
910.14
770.08
674.66
489.61
292.98
275.33
256.90
215.04
216.27
251.46
291.98
347.49
354.93
351.82
341.05
328.84
290.32
280.32
276.11
279.10
295.31
369.69
302.08
293.76
279.66
277.66
292.09
233.92
114.38
56.75
34.45
7.25
6.35
53.07
124.75
269.01
308.70
324.20
290.86
275.59
269.01
272.02
292.87
319.51
327.76
343.15
311.26
278.38
221.63
204.57
47.60
0.11
22.20
0.55
0.00
-0.44
-0.33
-0.22
0.00
0.00
6.99
22.75
36.51
45.06
111.76
117.53
175.12
291.10
295.76
283.88
290.43
167.36
128.40
165.25
110.31
53.71