1475.41
1456.96
1420.48
1371.43
1441.76
1503.61
1545.23
2446.93
2554.79
2179.21
2147.97
1767.98
1493.97
1453.92
1405.91
1377.71
1365.76
1377.92
1395.74
1325.83
1085.04
887.45
886.92
573.81
380.07
308.57
310.34
324.23
347.92
719.85
1312.56
1429.27
1567.37
1463.51
1449.94
1455.99
1430.94
1450.14
1580.42
1967.28
2053.19
2484.51
2786.09
2699.87
2414.58
1956.21
1617.58
1488.25
1427.08
1415.31
1403.75
1404.69
1426.66
1473.85
1953.46
2214.46
2363.92
2326.01
2221.13
2176.76
2029.39
1994.08
2029.91
2131.35
2110.31
2334.55
2462.24
1717.98
1441.25
1409.38
1384.38
1248.98
976.73
787.76
351.05
209.84
175.37
248.88
571.27
1334.84
1346.57
1198.82
804.37
340.56
310.56
148.27
149.20
374.20
856.49
1301.61
1297.87
520.29
228.11
208.70
455.61
159.59
167.35
165.05
159.61
159.09
157.94
154.80
156.16
160.87
260.76
436.58
522.87
236.59
183.04
152.50
148.32
146.75
287.53
809.98
703.82
225.40
147.37
141.52
132.84
114.85
108.39
98.68
92.83
94.50
99.73
103.69
96.91
105.57
113.20
129.07
143.58
210.83
248.43
253.02
253.23
356.82
799.26
1187.62
1273.98
1209.76
1040.07
920.92
779.11
384.70
209.27
166.14
149.01
144.42
147.55
219.29
635.94
1337.36
1359.29
1328.90
992.03
991.61
735.46
321.94
230.26
835.81
1128.62
1392.50
1411.30
1402.52
1379.34
1321.28
1255.29
1047.17
930.56
340.01
168.17
152.06
146.09
146.09
163.36
1265.65
993.24
325.36
209.30
178.33
166.71
159.70
154.05
156.45
230.34
1207.36
1143.52
321.38
209.09
144.21
326.72
135.31
261.33
168.65
128.63
128.42
161.86
261.23
261.33
1305.09
1328.19
1251.38
1242.82
941.15
768.84
365.72
147.23
144.41
1205.62
1308.23
1318.26
694.66
362.79
135.21
315.35
122.67
122.53
120.45
119.72
118.68
120.87
126.70
255.07
951.62
1087.39
961.83
938.49
461.07
405.22
336.24
449.40
573.60
765.84
1340.37
1344.12
1065.30
541.71
560.05
667.69
334.99
267.23
332.28
452.08
546.03
631.25
1155.95
1326.93
1508.52
2010.51
1787.73
1443.47
1325.35
1306.96
1309.27
1317.26
1316.52
1338.80
1360.03
1444.10
1323.46
1068.20
868.75
771.97
396.91
264.72
258.79
168.85
119.07
150.53
118.33
113.66
212.82
391.52
441.10
387.60
383.79
329.87
258.90
214.72
318.11
590.88
1228.27
1223.08
795.44
249.47
153.92
141.31
135.06
131.74
127.40
121.36
117.76
116.07
116.81
114.48
108.44
117.66
124.75
135.87
197.30
189.99
169.13
132.17
159.38
264.54
529.72
614.65
253.53
135.55
138.94
140.32
133.86
138.41
137.78
137.04
142.44
155.46
162.45
353.61
1157.40
1147.45
1043.98
1005.11
1015.49
1043.34
1103.28
1106.04
1150.73
1141.94
1243.08
1236.72
1059.23
401.05
288.48
597.50
161.29
213.81
158.01
154.81
158.22
155.45
157.26
243.79
1253.08
1268.76
1264.28
1217.44
946.88
730.29
774.89
949.01
864.94
1147.77
1246.89
1226.40
542.31
267.47
249.33
213.91
170.49
147.80
149.70
154.98
162.90
201.89
242.98
939.91
1067.53
1110.21
1218.50
1252.41
1246.81
1218.92
1148.67
1077.46
1030.77
1047.04
1170.11
1168.53
1109.79
831.84
529.80
448.78
179.49
184.82
158.93
158.72
147.62
158.93
348.93
951.46
1160.06
1133.11
1083.66
1004.51
818.63
687.50
380.20
451.00
694.15
909.62
1122.44
1139.56
1047.31
633.39
423.32
370.69
169.07
140.26
135.49
135.07
135.49
139.41
143.12
286.35
1016.99
1057.77
1109.36
1014.87
954.38
986.90
835.94
715.39
794.84
1007.24
1205.98
1250.79
1231.30
1164.98
1134.68
1052.90
915.29
265.48
264.63
175.96
152.16
136.92
138.19
138.82
139.99
145.07
154.70
164.22
165.17
168.87
161.79
151.20
146.23
166.02
1057.58
1213.55
1159.69
1005.84
1013.35
970.82
712.11
371.68
210.89
214.18
354.59
531.30
864.13
828.69
849.91
936.94
1008.90
1042.44
1009.22
935.56
549.77
457.54
225.43
234.45
902.45
836.54
544.25
212.48
163.34
425.17
155.17
134.26
126.94
127.57
127.04
128.53
152.51
209.61
1132.33
1168.10
936.94
695.28
830.17
976.64
1060.27
1113.55
1126.71
1071.73
1219.36
1241.23
1060.91
531.20
402.14
231.26
171.51
372.90
319.87
361.29
532.51
596.61
965.89
1254.99
1362.42
2198.94
1919.53
1534.18
1437.92
1291.08
1252.86
1265.74
1334.10
1455.60
1652.69
1731.59
1478.17
1252.86
1177.25
1154.47
975.69
867.10
837.09
872.29
936.54
1031.74
1078.17
1234.33
1415.30
1604.11
1340.45
1160.12
1097.36
953.07
953.07
1069.69
1157.68
1202.00
1224.37
1222.67
1182.28
693.55
371.79
249.67
120.96
123.61
116.75
114.53
116.22
127.20
136.28
145.36
699.14
950.59
845.55
1002.95
608.04
621.23
646.25
1070.19
1153.27
1171.74
1340.75
1344.55
1291.13
1134.05
685.42
464.58
226.33
171.11
171.21
170.68
171.21
221.71
697.29
1178.56
1345.70
1340.34
1148.86
1054.73
1074.78
964.14
1040.69
1004.24
1056.23
1281.59
1400.06
1438.54
1427.72
1179.31
589.98
1303.57
697.62
250.25
192.15
827.54
1415.88
1448.70
1450.62
1502.66
1504.68
1528.69
1550.25
1526.35
1508.40
1484.07
1381.79
1322.20
1466.65
1498.73
1775.85
2043.52
1806.34
1643.61
1345.25
1310.94
1079.49
1119.91
1066.52
1066.63
1066.41
1084.64
1162.96
1162.96
1191.20
1163.07
1226.05
1228.08
1226.37
1211.98
1185.77
1161.58
1197.60
1424.48
1605.00
1734.69
1709.22
1539.36
1423.95
1282.53
1153.91
1050.22
1050.43
1050.22
1050.64
1050.43
1377.27
2725.98
3441.04
3291.85
2614.62
1598.72
1513.89
1460.92
1435.56
1468.28
1575.38
1675.44
2176.41
2185.26
2129.63
1783.72
1303.42
1527.74
746.29