478.14
424.07
432.79
455.26
386.51
407.34
416.47
443.87
509.54
718.75
787.90
862.91
972.08
993.22
997.01
1039.08
1298.98
1538.77
1501.42
1439.34
1250.55
1052.83
975.98
852.75
356.41
352.92
352.62
349.95
303.36
348.61
354.26
428.97
502.34
615.85
719.29
679.99
662.34
481.92
503.47
769.58
904.63
979.03
889.85
731.40
555.40
473.71
475.05
337.94
214.38
204.43
203.91
203.40
207.92
301.20
385.35
910.89
1261.56
1130.61
958.30
931.11
845.31
830.23
831.15
1006.23
1237.13
1432.32
1382.24
1178.33
953.48
742.90
404.85
353.03
411.78
382.43
377.49
397.88
422.38
967.61
1339.43
1880.64
1797.96
1909.48
1908.24
1833.28
1833.69
1804.86
1798.89
1863.04
1716.41
1908.24
1858.61
1584.50
1511.70
1325.74
1163.15
866.08
964.70
531.22
514.26
509.02
514.57
959.77
1019.07
1039.52
1331.49
1244.44
1387.91
1335.91
1356.26
1342.90
1247.53
1258.11
1410.83
1521.92
1437.55
1395.10
1232.52
1008.07
1219.98
999.85
955.34
827.13
799.58
839.41
914.58
919.08
993.94
1135.36
1401.72
2108.21
2142.82
2301.14
2242.57
2075.85
2143.95
2306.47
2518.65
2807.02
2794.53
2453.52
2231.51
2082.00
1754.30
1276.99
1332.71
1205.87
1039.33
1028.27
1051.74
1188.71
1449.21
1577.92
1664.03
1673.12
1668.16
1716.65
1721.61
1715.71
1709.41
1913.99
2083.63
2513.15
2560.81
1938.28
1659.17
1632.81
1590.94
1496.46
1576.67
1505.06
1490.23
1501.56
1514.23
1513.30
1510.01
1516.40
1583.16
1607.99
1639.00
1633.03
1636.01
1607.99
1609.12
1637.04
1658.78
1956.54
1758.83
1443.24
1082.54
1080.27
1079.75
927.79
875.26
868.77
825.95
570.88
507.37
521.26
764.70
869.18
1001.15
1234.91
1389.21
1501.00
1617.52
1591.99
1594.26
1630.18
1918.40
2298.54
2503.28
2158.03
1596.21
1640.58
1525.81
1490.40
1485.15
1421.43
1377.37
1404.45
1471.87
1565.54
2385.42
3087.54
3231.34
3242.45
3195.21
3191.81
3088.05
3057.27
3087.64
3154.44
3116.15
3247.29
3199.43
3036.38
2686.91
2493.39
2180.47
1544.95
1563.73
1524.10
1486.53
1483.95
1500.84
1559.51
2382.56
3000.95
3088.56
3059.11
2837.88
2721.87
2600.29
2556.95
2562.20
2792.18
2913.14
3179.04
3174.00
2874.22
1798.45
1628.69
1596.27
1541.09
1521.56
1495.49
1480.85
1478.17
1487.45
1505.07
2204.42
2748.24
3019.01
2944.90
2771.43
2601.97
1997.14
1475.90
1374.48
1366.64
1367.47
1436.63
1284.19
1090.31
216.56
207.59
186.77
140.39
134.47
117.11
108.59
107.56
111.56
135.91
157.49
215.84
263.30
263.19
263.09
248.81
219.94
187.17
181.63
193.34
201.97
372.91
243.06
203.61
185.53
183.06
153.27
118.04
152.97
128.68
116.80
117.00
135.04
165.36
197.12
459.61
733.99
704.17
770.56
787.37
700.59
533.48
533.69
717.19
1369.72
1451.58
1442.57
717.39
465.66
452.95
511.66
209.73
176.85
171.94
171.43
177.67
255.50
512.74
820.26
1372.43
1536.38
2048.82
2084.15
2071.65
1617.08
1567.21
1541.20
1842.37
2262.02
2598.63
2148.87
1573.66
1484.36
1477.09
1279.86
358.11
185.99
174.86
170.43
164.86
174.55
185.37
185.16
191.45
173.62
179.91
180.63
169.71
167.85
179.19
177.95
180.42
246.99
317.77
246.88
199.79
185.06
188.97
177.23
136.01
154.04
140.03
123.96
103.97
132.20
176.40
183.20
696.34
726.22
743.43
791.65
787.94
737.14
915.71
1042.45
1355.90
1492.73
1551.98
1545.18
1491.60
1479.34
1425.96
1401.65
825.04
822.43
943.29
941.44
957.82
1034.17
1497.63
2061.65
2752.50
2960.53
2555.91
2061.65
2061.13
1712.25
1592.94
1540.80
1534.62
1548.22
1556.77
1524.01
1481.35
1312.99
1081.47
990.49
237.39
157.51
155.76
153.18
151.63
151.84
153.90
263.45
876.78
923.82
714.63
722.47
686.37
444.89
262.52
188.25
241.68
378.15
693.59
375.06
159.16
148.12
140.70
134.20
112.02
104.87
96.07
92.03
92.34
99.69
108.49
133.02
696.59
950.11
889.97
901.87
715.64
696.80
792.45
763.26
969.47
1172.89
1395.67
1369.16
1172.68
1028.69
956.63
775.37
472.26
156.78
155.75
155.85
156.99
160.20
517.36
1219.35
1479.79
1496.25
1494.08
1492.73
1477.51
1463.84
1496.05
1477.93
1488.70
1508.68
1627.04
1600.12
1473.68
1416.41
1369.50
1383.38
1242.75
1286.83
1252.68
1249.45
1268.29
1286.73
1287.87
1249.55
1544.76
1890.36
2108.41
2146.94
2131.11
2041.04
1916.08
1889.11
1996.99
2053.95
2314.90
2345.82
1873.08
1518.00
1517.48
1485.09
1402.10
1263.84
1122.23
976.88
916.96
916.02
885.70
1096.81
1166.21
1390.65
1437.13
1459.53
1509.13
1467.87
1458.38
1453.07
1456.82
1484.54
1550.91
1489.75
1457.97
1408.05
886.12
395.02
121.50
127.44
121.60
115.25
109.51
114.83
115.56
123.37
1041.17
1198.30
1043.04
1208.09
1041.17
776.29
641.87
701.06
1031.58
1381.17
1426.19
1421.08
916.02
335.52
186.93
176.51
120.66
243.40
135.37
142.71
208.30
199.08
744.75
1441.84
1560.13
1785.61
1979.87
2079.61
1885.57
1885.25
1860.84
1855.71
1938.79
2627.49
3666.88
3147.82
2081.60
1601.62
1650.45
1472.96
1405.37
854.04
770.86
544.01
272.95
269.49
262.45
788.30
1352.68
1375.26
1357.83
1345.75
1338.09
1312.35
1216.36
1215.94
1259.84
1322.12
1410.55
1385.66
1321.18
951.39
419.67
706.27
162.05
163.96
159.89
160.09
163.02
167.82
172.73
193.20
504.93
703.45
701.68
621.37
561.11
509.42
312.88
253.04
260.04
514.33
834.52
561.74
208.66
177.64
169.08
158.21
136.08
143.86
135.40
124.76
124.76
132.38
141.46
154.72
1219.47
1487.25
1488.40
1496.65
1501.14
1495.40
1487.46
1485.27
1494.35
1553.65
1567.74
1539.56
1483.18
1429.42
1423.57
1362.81
834.14
270.69
161.45
153.87
147.98
145.56
143.24
145.77
148.71
153.55
160.50
180.92
185.44
188.71
184.29
181.34
188.08
199.76
421.83
252.49
167.13
154.50
147.35
137.14
125.45
110.14
48.30
105.31
105.10
106.57
116.55
42.10
104.47
116.44
125.79
116.44
123.69
105.00
105.00
122.74
147.42
466.40
869.59
996.95
898.77
630.82
847.22
855.20
581.16
529.08
507.45
586.83
630.93
1026.14
1394.89
1889.95
2459.45
2550.90
2581.56
2542.29
2494.52
2414.93
2270.04
2074.11
2004.92
2028.96
2526.96
2602.25
2295.76
1837.24
1775.71
1588.08
1492.85