2711.47
2784.77
2807.31
2787.56
2779.73
2955.20
3811.95
4065.87
4133.91
4056.75
3864.21
3807.44
3494.70
3227.37
2862.04
2734.44
2368.47
2722.85
3027.86
3450.27
3766.23
3271.48
4032.71
3794.99
1293.33
162.35
75.14
52.93
35.36
50.67
41.50
165.70
265.20
282.23
273.82
852.09
203.97
107.16
42.26
938.22
1379.47
2528.34
2999.01
3682.60
3817.79
3787.38
3718.71
3179.37
2836.92
2499.42
2091.10
2054.61
1949.57
807.60
808.03
2020.07
1943.98
1788.46
1346.57
1128.42
19.69
17.22
16.25
16.36
18.73
1832.48
2865.12
3434.76
3572.30
3659.90
3660.12
3498.47
3357.59
2918.28
2785.26
2671.72
2710.35
3176.79
3894.63
4046.59
4145.28
3938.97
3064.00
2381.68
1956.57
1984.12
1810.31
1733.47
1705.60
2034.38
2742.21
2690.88
2854.89
4049.50
3059.16
15.61
10.43
9.79
9.57
9.89
10.86
15.38
3115.74
4330.99
4299.80
3263.52
2582.48
2750.16
2385.01
1398.74
989.61
1073.50
1093.07
2518.49
2490.20
2803.19
2687.67
2685.74
2714.56
10.86
13.81
10.14
9.60
10.90
15.54
53.63
3907.23
1794.99
1846.25
1846.35
1866.64
1848.19
1576.58
790.88
264.81
214.53
197.15
1853.80
1848.08
2558.13
2521.98
2522.20
2514.32
393.12
55.48
46.12
43.54
49.35
52.14
60.42
1808.58
2492.90
3113.57
2686.31
2526.44
2365.28
2171.65
2047.90
1780.63
1710.21
1666.66
1824.28
1878.36
2069.62
2543.86
2670.08
2583.00
2077.04
591.35
204.10
204.74
8.16
12.35
1620.43
1774.28
2297.13
2467.84
2476.11
2411.58
2295.09
1927.16
1756.24
1697.94
1623.54
1783.40
2220.26
2280.71
2306.80
2320.43
110.80
35.97
28.13
29.09
24.60
24.38
25.99
27.16
25.45
26.31
31.98
33.80
35.51
34.97
32.83
29.62
25.77
16.79
16.36
25.67
29.30
34.01
38.07
213.15
128.87
32.83
24.38
18.77
15.99
14.48
15.13
13.20
10.84
15.02
15.66
16.84
20.38
24.25
35.08
30.90
23.39
23.28
27.46
41.73
565.71
1201.58
1728.77
1748.40
1721.26
1658.29
35.40
32.83
31.11
30.58
30.36
30.68
78.21
4145.98
4453.14
4655.80
4466.44
4344.78
4258.09
3983.34
3927.55
3459.80
3057.59
3348.86
4028.29
4308.95
4913.92
4920.25
4734.11
4712.44
4388.87
2013.50
1390.14
110.33
107.12
98.88
125.42
4383.05
4854.88
4803.94
4092.50
3433.61
3423.33
3106.99
2716.38
2738.96
2699.69
1989.32
1865.93
1912.80
1926.71
1998.09
1908.95
504.26
50.94
38.64
36.73
39.92
47.59
49.72
89.64
528.04
2001.12
2007.94
2010.71
2000.38
1970.46
1527.49
500.15
104.76
53.66
38.43
38.64
53.55
41.09
32.36
22.78
17.46
15.33
15.17
10.61
8.70
6.26
7.00
9.87
14.85
17.82
26.52
30.13
30.13
26.74
22.28
21.75
17.29
16.98
16.87
67.48
287.41
529.84
191.82
17.29
15.60
13.58
13.57
11.66
9.97
9.65
8.16
11.24
15.16
16.54
106.02
240.14
89.06
17.71
17.07
16.33
15.80
15.59
15.69
15.69
16.96
49.19
37.96
16.01
15.80
15.16
16.86
16.01
15.80
15.48
14.95
14.95
14.74
14.95
15.16
15.69
15.90
11.34
0.74
-0.53
-1.06
0.00
10.92
15.37
15.69
595.19
1783.75
370.75
19.51
14.95
15.96
15.32
15.32
15.43
15.32
15.74
15.96
16.38
19.13
29.38
37.51
41.63
41.74
43.22
46.18
51.25
79.88
135.47
169.28
422.35
632.95
264.59
314.99
144.02
337.40
272.94
247.37
257.72
264.70
337.40
618.47
934.84
1435.28
1580.26
1695.43
1479.24
1047.06
992.11
909.80
897.33
911.80
1039.98
1117.86
1576.98
1101.27
942.34
839.74
567.12
410.44
361.62
366.15
330.51
301.50
398.31
554.18
1716.01
1754.08
1753.13
1747.12
1734.57
1722.23
1715.38
1707.68
1696.19
1707.15
1724.55
1731.62
1727.51
1716.75
1696.40
1664.44
786.08
543.71
314.80
219.04
198.67
195.10
418.76
595.48
1605.94
1735.62
1743.70
1736.14
1740.76
2024.49
1372.30
1372.30
1270.97
1271.18
1494.11
1494.42
1494.84
1494.32
443.33
348.09
174.52
386.86
282.68
260.17
215.57
175.68
276.82
3160.70
5046.71
4989.76
4730.84
4413.82
3894.10
3536.14
3269.48
2251.41
1960.98
3381.82
3022.81
4372.15
4187.88
4614.63
3946.14
4340.85
3400.56
170.10
100.08
51.24
45.50
43.52
51.87
1960.68
4477.06
4001.60
3413.55
3490.04
3256.07
2067.33
1999.91
1871.03
1871.03
1822.72
1955.46
1955.46
1768.55
1726.39
1714.18
1706.77
219.26
198.53
169.56
164.56
168.10
148.51
167.27
302.65
424.37
813.93
1620.78
1754.39
1755.85
1757.52
1684.25
1578.26
1563.98
1678.31
1714.37
1754.49
1758.56
1755.54
1730.73
1719.27
865.83
535.54
478.86
407.70
368.83
396.55
479.28
532.52
619.93
833.84
1025.44
995.96
995.96
729.33
594.72
495.95
631.71
593.68
750.59
1457.52
1459.50
1303.11
781.64
325.80
282.46
48.87
47.51
48.55
48.45
48.45
51.99
49.91
99.40
134.51
148.16
170.77
148.99
134.82
189.31
199.42
198.69
149.83
215.15
168.16
149.83
111.28
79.71
51.57
41.99
44.83
27.56
16.33
15.71
15.91
31.72
52.94
88.83
175.36
123.77
118.16
97.04
100.58
82.38
75.30
72.81
74.26
75.72
103.39
93.61
103.91
86.85
78.32
25.59
18.28
15.04
14.63
13.89
14.31
15.15
15.57
35.62
52.55
57.56
829.89
1122.71
1138.59
1188.74
1191.14
1693.21
1824.00
1987.29
1995.96
1993.03
1828.70
1897.34
1669.70
51.29
27.71
22.58
23.63
25.93
33.77
54.68
72.24
523.28
2091.55
2159.72
2194.74
2195.37
2195.26
2061.65
2135.46
2091.97
2150.93
2352.82
5226.52
2353.24
2246.91
4181.84
2166.83
1877.32
384.43
326.00
292.39
267.35
276.85
311.07
2087.04
5175.33
2347.92
2255.15
2242.31
2233.86
2236.36
2215.91
2225.41
2219.56
2222.59
2254.52
2291.04
2247.01
2195.56
2167.07
2165.40
1536.89
310.72
250.33
219.97
208.74
201.88
201.99
207.81
257.91
317.06
1390.51
1436.04
1542.29
1350.90
1165.45
318.52
474.87
2123.71
2182.55
2222.36
2218.10
2133.58
2079.11
613.34
228.39
224.47
226.86
220.31
229.46
222.91
218.95
230.40
244.44
268.88
262.95
270.34
253.07
221.66
203.35
208.86
234.76
581.66
2080.32
2260.37
2267.55
2174.04
2229.48
1551.61
170.38