105.10
99.85
94.59
105.00
121.81
335.07
2301.86
2561.25
2527.20
2347.26
2172.69
2119.29
1946.61
1896.27
1896.27
1846.87
1862.84
2048.67
2358.51
2584.90
2643.65
2693.79
2564.51
1574.86
1954.72
1281.86
1013.95
963.62
1089.45
1555.95
2145.56
2339.33
2287.22
1979.25
1778.67
1701.91
1645.18
1563.82
1539.80
1561.09
1658.08
1742.60
1824.49
1841.26
1834.66
1782.55
1154.04
263.08
188.75
129.78
122.97
121.61
129.47
350.90
1685.60
2253.43
2094.74
1939.40
1839.89
1695.34
1655.43
1573.62
1571.32
1564.19
1611.22
1682.35
2211.32
2300.25
2267.89
2176.13
2166.91
1872.57
1793.93
1713.95
1703.18
1602.50
1586.72
1591.94
1630.52
1733.19
1836.69
1821.42
1694.61
1463.45
1412.85
1194.77
991.74
1244.01
1478.51
1661.47
1835.02
2038.15
2135.07
2030.31
2031.15
1830.10
1696.20
1611.26
1532.72
1402.74
1394.13
1312.13
47.25
59.85
64.68
66.04
65.94
66.57
65.73
57.96
59.74
65.41
75.91
146.89
278.97
893.41
362.02
404.55
379.98
263.12
311.94
292.83
314.57
332.21
442.14
542.20
614.85
945.06
882.49
599.00
322.76
118.96
62.47
58.38
59.85
98.70
162.85
840.91
1448.52
1412.40
1370.50
336.30
289.16
180.70
213.35
203.48
254.19
293.36
334.62
615.59
1800.46
2277.66
2311.16
2215.30
2005.41
1819.78
1771.27
1728.75
1696.09
1688.95
1694.10
1763.61
1882.04
2234.30
2330.90
1816.00
1768.33
1581.86
1276.72
1060.75
992.71
905.36
814.96
1014.65
1458.88
2100.39
1942.90
2088.63
1943.21
1867.72
1837.28
1774.60
1706.45
1522.30
1516.73
1547.07
1549.80
1575.63
1602.41
1574.37
1516.42
1279.45
1344.44
1340.45
1324.80
1316.61
1314.72
1333.62
2108.86
2204.33
2274.58
2195.61
2102.56
1989.35
1923.72
1749.70
1651.83
1617.70
1603.52
1709.27
1821.75
2016.03
2073.37
2154.86
2143.10
1441.48
1395.05
1377.41
1347.90
1174.33
1261.07
1379.61
2130.69
2244.51
2234.85
2046.90
1836.37
1682.44
1616.92
1506.24
1462.98
1407.65
1018.83
724.40
765.14
718.84
646.28
2277.48
2208.28
2101.50
2081.95
1910.52
1780.87
1701.63
1628.49
1596.71
1621.13
1555.25
1530.42
1140.63
824.61
742.32
643.19
494.49
44.51
264.03
631.51
451.87
1570.30
2017.12
2150.03
2167.71
2135.51
2043.85
112.90
106.57
95.58
96.01
109.42
120.51
118.50
209.97
298.37
330.05
328.36
317.06
208.17
53.02
21.12
105.09
293.62
376.63
418.14
477.71
488.37
473.38
406.10
259.29
1777.43
1671.28
1565.03
1545.50
1480.75
1583.94
2112.66
2230.53
2240.35
1892.87
1750.08
1554.37
1474.41
1120.17
925.10
900.17
1122.29
1509.48
1653.01
1764.33
1766.87
1752.40
1748.49
1631.57
364.16
95.12
75.08
79.43
115.06
1147.64
2227.51
2416.59
2193.79
1898.55
1739.59
1736.51
1726.86
1670.34
1609.15
1738.63
1800.67
2098.34
2390.61
2432.07
2928.69
2485.94
2431.33
2205.66
2053.00
1903.07
1842.51
1794.37
1795.97
1889.79
2333.52
2624.03
2685.98
2269.45
2080.31
1863.44
1814.45
1829.76
1791.61
1808.93
1945.15
2318.43
2753.13
3249.04
3264.76
2804.88
2631.89
2308.98
2396.38
2270.19
2231.92
2255.41
2194.92
2148.78
2338.33
2710.53
2604.65
2301.55
1927.12
1737.99
1626.15
1242.68
1063.12
1047.81
1239.92
1756.38
2310.80
2682.79
2751.57
2806.43
2721.06
2221.07
3092.61
2522.12
2282.17
2171.46
2159.80
2504.79
1881.88
3375.55
3484.13
3199.26
2614.65
2084.92
1995.59
1907.34
1862.62
1884.23
1966.39
1818.66
1762.07
1563.63
586.75
314.40
175.97
79.80
64.74
52.78
47.12
43.70
42.09
50.54
47.33
176.50
232.38
286.97
288.25
158.44
152.35
85.04
64.74
61.22
62.71
66.67
70.19
73.93
75.22
71.37
68.70
59.51
33.56
27.04
20.84
17.74
15.93
18.28
21.81
29.61
39.23
54.62
64.14
73.97
74.61
72.69
81.99
142.38
287.75
341.52
824.24
776.89
440.18
502.07
323.13
283.58
292.56
287.01
285.40
290.21
320.89
1619.09
3224.61
3943.25
5344.60
3722.83
3311.73
3270.57
2817.03
2286.10
2063.98
1962.32
1928.76
2118.60
2236.50
3112.59
3381.21
3377.68
3055.51
2608.27
2615.06
1450.77
1170.57
818.26
1170.89
1887.01
3093.57
3609.36
3499.66
2799.52
2081.59
2340.92
2285.32
2209.92
1882.85
2142.19
2493.96
3114.12
2610.26
3771.78
2716.76
3407.86
1472.07
297.78
113.21
84.80
80.33
106.40
212.80
329.51
2801.78
2399.81
3984.07
3498.90
3130.76
3036.92
2792.42
2593.03
2538.66
2117.75
1830.79
1802.91
2926.80
5005.60
2254.89
4146.54
3889.49
3110.97
3008.08
2688.32
2606.09
2562.30
1591.29
2915.27
3503.30
3880.51
3652.28
3296.22
2895.94
2567.75
2508.90
2434.14
2435.00
2592.31
2742.04
3480.98
3829.89
4472.38
4315.18
3741.46
3047.38
2192.78
2268.90
2140.82
2016.05
1949.28
1923.07
1964.69
2937.99
3500.40
3413.52
3446.15
3175.22
2548.61
1622.92
699.59
718.74
701.30
754.80
1183.35
1302.87
1233.86
728.59
566.15
349.58
315.13
298.02
242.61
107.72
73.06
72.85
277.91
308.82
2725.79
2808.69
2383.06
1939.03
1931.01
2063.54
1883.73
1712.79
1930.80
300.69
311.07
2835.22
3279.25
3415.74
3368.89
3382.90
3079.22
3006.62
2719.59
2146.16
1077.45
1459.91
1448.61
1441.79
1444.13
1418.44
1167.02
1040.88
977.54
863.99
830.61
830.61
1170.32
1833.96
2156.82
3007.80
3379.92
3469.38
3294.09
3493.58
3287.15
3076.36
2398.01
2444.17
2353.76
2272.72
2753.28
3528.34
3816.55
3956.55
3714.62
3545.72
3129.46
2857.56
2675.34
2685.57
2771.30
3076.89
3634.97
4036.73
4713.06
4162.34
4005.28
3968.28
3703.42
2045.35
2136.48
2134.67
2224.10
2668.26
2941.45
3828.59
3977.57
4175.96
3880.99
3270.46
2813.18
2608.17
2668.47
2629.20
3114.33
3374.83
3841.61
4563.56
5025.32
4719.68
4280.01
4128.58
3512.50
2889.44
2783.54
2625.86
2504.09
2529.55
2706.30
3360.88
3737.92
4122.52
3893.04
3511.95
3419.15
3237.82
3104.54
3138.10
3205.22
3291.09
3633.72
3929.79
4164.61
4155.02
3908.91
3668.13
2865.58
3025.78
2915.60
2868.00
2902.23
2793.99
2930.90
3634.29
3956.46
4060.64
3655.47
3198.41
2931.01
2955.61
2876.99
2974.33
3056.90
3466.57
3983.74
4379.18
5123.54
4813.34
4216.60
3799.01
2694.30