1357.45
1278.34
1163.77
1197.14
1219.70
1179.36
1220.64
1139.75
1247.46
1178.64
1120.94
1116.57
1047.02
1045.56
999.51
1000.23
1107.21
1415.88
2078.86
2530.99
2650.45
2526.63
2432.44
1508.10
1141.42
1123.33
1122.81
1108.88
1100.66
1091.31
2525.38
2807.02
2750.56
2424.85
1768.00
1488.34
990.77
990.57
960.52
959.27
1005.64
1106.59
2391.37
2678.52
2693.07
2572.48
1767.59
643.74
1245.01
1103.98
1058.22
1010.59
1000.40
922.91
1110.53
1768.66
1768.35
1339.13
1072.68
982.20
982.30
1042.73
982.30
945.59
1020.68
1202.68
2485.55
2807.43
2810.45
2722.46
2570.31
2307.18
1264.22
1248.62
1255.38
1264.22
1248.83
1550.41
2668.21
3087.50
2912.80
2652.72
2350.31
2177.68
2128.08
2102.19
2074.73
2086.07
2140.25
2346.15
2537.18
2830.85
2857.06
2673.10
2505.88
1641.19
1677.75
1458.15
1454.82
1485.19
1678.06
1760.76
2652.27
2861.36
2788.13
2631.46
2444.94
2414.36
2335.40
2236.99
2193.93
2132.14
2135.67
2325.00
2510.69
2670.27
2808.41
2639.37
2556.98
2421.75
1900.42
1732.33
1643.78
1612.30
1776.86
1847.80
2641.11
2847.21
2723.45
2452.42
2278.43
2155.50
2147.94
1938.84
1920.61
1890.27
1947.85
2138.72
2416.69
2595.65
2655.30
2586.74
2504.51
2260.30
1951.56
1778.15
1571.44
1571.34
1571.24
1527.99
1571.44
2168.63
2218.16
2131.56
1984.44
1948.62
1571.24
1246.62
1206.20
1237.93
62.72
272.05
2060.56
2243.39
2219.52
2218.37
2215.23
1893.65
1661.17
1488.22
1460.20
1439.66
1434.92
1337.81
1334.86
1195.93
1112.19
1026.87
1022.03
1055.20
1056.05
885.94
807.05
958.72
1024.03
1096.81
1466.52
1754.92
2025.83
1945.67
1746.28
1301.57
1171.17
1065.74
1065.74
1094.18
1163.91
1419.54
2467.27
2698.89
2633.69
2308.96
2106.09
2047.53
1953.99
1932.40
1845.82
1891.01
1399.43
1874.05
2137.69
2689.94
2811.70
2107.36
2106.72
580.37
134.42
128.83
128.41
130.41
134.63
200.05
1352.39
2126.65
2392.64
2146.99
1143.70
1043.94
1043.10
909.21
808.61
909.74
1167.83
1896.16
2001.93
560.21
527.77
332.25
316.03
273.36
78.21
73.22
70.67
70.36
75.55
161.40
1248.56
1857.25
2011.33
1951.58
1537.62
1034.95
743.87
301.37
293.73
331.72
838.85
1247.93
1857.46
1857.56
1777.76
1485.20
864.74
344.13
372.26
519.67
526.20
514.93
496.49
504.50
1172.52
1393.69
968.01
996.98
545.38
421.57
341.18
314.73
301.88
295.45
269.74
307.46
310.62
906.47
1738.98
1738.77
1260.93
156.68
146.12
159.21
239.14
297.52
317.16
1406.96
1942.35
1973.29
2410.28
2319.59
1781.98
1266.96
948.21
638.76
270.92
314.63
518.40
819.30
1384.15
843.69
538.88
444.39
318.75
259.73
191.11
123.42
111.66
115.65
109.67
88.99
82.38
106.31
103.58
105.58
93.61
101.90
102.43
76.40
64.33
64.33
68.63
74.41
78.71
127.93
923.94
127.93
78.71
71.15
74.87
72.46
72.46
73.51
74.45
77.18
77.50
210.57
1167.25
1132.02
899.22
503.98
433.72
76.34
73.82
74.14
362.20
1130.13
1467.79
1808.29
1748.83
1860.51
1363.35
734.16
76.87
71.10
64.70
68.48
76.55
838.92
2353.48
2539.09
2569.82
2365.02
1922.91
1924.48
1896.90
1505.44
1420.81
1906.34
1730.48
1731.21
1880.54
2359.88
2563.11
1940.84
1424.07
891.98
736.07
473.96
473.64
473.33
473.43
335.91
2428.89
2784.99
2882.56
2574.92
2439.09
2274.02
2187.81
2076.05
1989.62
1976.27
2146.07
2493.13
2647.58
3048.99
3060.03
2628.44
2109.38
1367.52
1048.70
1802.03
1759.07
1735.92
1755.51
1501.85
2086.92
2594.24
2528.13
2211.49
1877.26
1832.52
1830.01
1854.84
1807.06
1829.48
2023.21
2217.47
2466.52
2934.76
2863.30
2514.40
2308.31
992.43
1256.25
1111.78
660.79
695.75
919.99
1465.62
2327.51
2617.60
2609.96
2407.08
2075.11
1926.14
1915.36
1892.75
1844.59
1937.66
2082.86
2345.21
2439.11
2818.92
2793.48
2584.94
2394.83
1256.25
1599.42
1260.37
909.75
498.91
474.84
641.11
2080.57
2701.08
2564.45
2297.71
2102.54
2050.62
2024.87
1949.72
1901.06
1941.31
1948.98
2218.78
2354.99
2427.72
2369.81
2236.54
2105.58
1400.57
1372.52
1282.06
985.18
968.51
938.85
920.92
1102.17
1246.42
1161.50
879.83
786.11
549.62
453.49
360.51
215.53
341.43
322.66
833.81
1650.01
2056.53
2243.97
2391.25
2290.30
1588.68
1369.39
1416.96
1609.43
1448.39
1284.11
1253.09
1448.50
1367.09
1467.57
1533.47
1448.92
1448.50
1434.88
1151.67
1062.41
1086.50
1395.48
1456.46
1744.59
2181.91
2363.17
2387.79
2289.93
2003.69
1611.21
1586.38
1541.01
1562.28
1541.12
1807.77
2123.76
2356.99
2410.00
2315.18
2220.99
2015.32
1931.50
1799.28
1798.23
1780.42
1792.05
1903.00
1909.19
1829.14
1799.49
1770.47
1374.32
491.49
373.22
335.40
326.60
323.66
302.71
272.74
580.90
1618.21
1713.04
1704.02
1680.66
1658.65
1539.10
1406.77
1273.17
1533.86
1649.64
1753.06
2028.73
2231.59
2249.71
2252.86
1908.45
1653.10
1837.06
1695.71
1691.51
1673.55
1520.96
1825.83
2163.77
2415.39
2335.69
2123.87
1786.13
1731.94
1658.75
1487.99
1412.27
1262.41
1271.76
1554.78
1704.74
1975.90
2153.80
1730.47
1640.58
380.37
315.79
251.16
225.68
227.26
233.79
237.37
290.94
350.42
375.58
211.68
68.10
65.05
59.26
50.53
38.42
34.10
43.79
234.00
487.15
443.05
464.10
412.52
349.89
313.58
248.10
587.31
260.35
221.18
214.42
211.46
278.61
664.06
412.37
327.81
171.87
0.84
0.74
0.74
0.63
0.53
0.32
2.85
73.27
185.39
170.82
123.20
74.32
56.80
79.04
57.73
38.94
28.81
30.82
20.37
31.34
20.16
7.60
14.25
15.94
19.73
18.89
18.26
19.63
23.53
34.61
135.82
818.20
1395.26
1630.81
1490.66
1492.24
1433.36
1357.21
1229.76
1229.97
1234.60
1211.68
1208.21
1228.40
1230.40
1388.12
1472.98
1472.14
1525.35
1482.66
1403.69
1301.58
1278.56
1261.84
1577.30
1888.13
2066.78
2205.90
2308.84
2309.16
2206.11
1421.98
1329.55
1310.52
1380.24
1426.08
1584.66
2367.41
2712.42
2736.82
2449.22
2418.52
2416.10
2206.53
2129.56
2065.73
2076.04
2164.47
2316.42
2477.09
2988.03
3027.57
2734.61
2500.85
1524.82
849.54
410.68
341.73
329.64
331.85
547.54
2346.06
2604.44
2555.77
2374.55
2108.92
2038.29
1972.48
1888.50
1872.73
1868.00
1871.15
2051.85
2410.60
2616.31
2653.74
2539.27
322.18
193.62