145.03
143.54
142.16
141.63
143.65
358.01
1805.22
2707.36
2643.66
1606.37
1539.05
1303.57
1257.81
1257.81
1322.15
1420.57
1586.19
2016.40
2227.04
2451.91
1856.40
1441.69
1515.59
1209.71
1553.17
1419.47
1396.92
1445.97
1518.43
1554.34
2532.97
3432.40
3516.08
1694.88
1631.08
1604.04
1591.85
1586.40
2464.68
2604.14
2843.21
3302.01
4013.99
3794.37
3349.15
2435.93
1730.15
1390.19
1078.82
1054.32
970.91
1073.21
1079.68
1665.92
2159.68
4265.20
2773.33
3790.86
1790.76
1682.43
1677.14
1677.89
1298.40
1703.68
2373.76
2497.85
4317.85
2773.54
1786.98
1725.59
1679.08
1455.29
1380.53
1336.79
1375.14
1415.65
1458.42
1893.53
3853.85
4416.83
4417.37
4049.70
3816.14
3677.71
3266.62
1995.65
1892.56
1885.77
1902.47
2238.15
2593.97
2148.95
1963.55
1781.49
1685.40
1385.70
1560.92
1447.97
1560.92
1704.83
1783.91
1702.35
1717.02
3907.42
2997.34
2556.97
2089.64
2428.27
1780.24
754.73
645.02
762.71
1780.13
3907.42
3908.28
2427.30
2427.30
2751.05
1761.57
1133.39
1560.39
1321.21
1325.65
1336.80
1259.09
1194.37
1224.78
1225.86
1275.76
1250.00
758.55
649.89
529.54
366.56
271.43
374.35
544.48
1783.33
2200.76
2453.24
1732.14
984.31
841.45
480.95
595.45
584.96
541.77
733.22
1190.04
1549.24
2436.14
5411.90
5439.93
5065.25
3666.66
2243.18
2163.42
2128.35
2067.86
2075.97
2089.50
2174.78
2237.88
2323.81
2165.26
2036.36
1578.57
1448.92
1698.74
1646.22
1646.22
1644.59
1906.39
2424.23
4876.89
7337.07
6862.17
4357.31
2496.24
2322.03
2264.62
2254.59
2223.65
2340.56
2179.20
2525.12
2980.63
2724.60
2494.07
2426.84
4903.48
1758.00
1632.98
1583.18
1555.45
1422.14
1787.38
2421.74
4921.55
6300.63
5887.44
2661.17
2535.04
2495.46
2470.78
2424.24
2393.58
2398.36
2361.50
2447.62
2773.17
3461.79
2801.98
2447.29
1688.21
1432.69
1502.55
209.68
139.14
149.91
219.05
1447.09
3632.09
4583.35
4275.13
2447.78
1289.21
1113.23
1333.90
1576.75
1291.14
2100.68
2331.04
2379.50
2409.01
2938.97
1881.63
1003.71
540.19
155.51
323.84
269.31
268.77
319.44
537.55
945.11
1807.89
1986.39
1205.94
722.38
247.63
166.59
154.78
152.63
150.06
155.00
208.99
1245.23
1825.39
1555.43
802.89
547.32
622.02
430.00
713.73
715.21
755.42
755.74
773.67
768.89
921.97
928.44
838.80
837.00
773.88
719.67
754.89
713.84
635.76
615.07
885.05
2035.10
2165.69
2107.24
1791.22
1312.99
1092.77
848.35
1054.54
835.07
781.86
739.45
846.28
724.11
740.82
723.69
799.95
751.72
579.73
317.95
201.50
150.83
157.18
230.58
317.95
719.88
1248.32
834.12
613.16
698.52
569.58
397.91
472.27
450.16
518.18
570.96
905.19
1335.79
2144.63
2348.98
2500.87
2317.99
2159.96
1692.66
1297.82
1650.88
1692.66
1797.48
2125.59
2380.07
3173.57
2412.44
2412.23
2154.68
1889.29
1464.83
1417.47
1508.35
1561.99
1607.17
2044.43
2709.47
3293.15
3513.74
3437.77
2668.95
2271.25
3058.17
2758.45
2697.83
2660.38
2698.78
2660.06
3431.85
3872.18
4182.16
3375.25
3222.58
2698.89
2652.34
1559.33
1494.47
1469.52
1480.26
1528.37
1724.74
3051.59
3264.80
3226.68
3041.16
2842.38
2673.29
2110.52
2083.56
2055.56
2036.92
2067.35
2267.08
3279.43
2328.67
2083.14
1705.47
1614.18
630.79
1443.05
731.09
150.49
151.64
152.50
202.48
1356.72
1853.96
1860.52
1446.39
1220.38
908.71
428.32
187.62
164.03
144.03
137.64
203.66
2610.58
2296.64
2024.99
955.56
133.00
117.22
115.42
114.62
112.00
122.15
521.92
1544.26
2660.13
2967.41
2929.70
1444.45
1202.25
1323.20
259.46
208.86
176.72
196.08
313.37
683.46
1772.45
1564.79
304.97
238.39
371.30
276.47
1916.82
1563.49
1423.46
999.79
1141.49
1589.02
2016.98
1579.46
1611.08
1374.32
1012.92
125.97
125.73
101.70
92.17
125.52
803.87
1536.51
1961.80
1763.02
1220.57
915.67
210.65
157.22
326.25
322.85
323.52
694.95
771.41
790.34
713.62
171.94
133.91
135.40
136.69
140.64
139.03
122.73
122.55
116.77
142.39
458.63
1243.12
1249.49
873.70
643.68
424.74
312.58
171.18
151.51
145.23
219.16
332.00
1561.48
1939.37
1967.37
1981.93
1940.20
1593.74
1663.44
1280.05
384.34
372.53
395.67
525.26
1964.01
2343.23
2447.00
1972.97
1874.62
1271.39
350.40
382.98
386.79
937.60
1426.63
1509.25
1667.11
2784.02
2922.72
2929.60
2442.74
2033.34
1943.13
1299.40
1883.91
1972.50
1855.95
1980.18
2644.13
2591.79
3570.30
2591.36
2590.97
2191.65
1487.27
1554.46
1520.55
1505.37
1518.83
1706.19
2298.90
2800.05
3041.93
2853.58
2207.02
2030.00
1937.10
1809.91
1283.31
1433.52
2056.83
2215.92
2343.96
2656.04
2656.69
2407.22
2407.55
2407.40
1250.52
1587.61
1549.10
1546.67
1549.10
1659.59
1736.94
2870.22
3094.35
2715.59
2220.39
1499.75
1234.76
1216.76
1153.70
1142.86
929.96
1357.30
2708.08
3152.01
2461.97
2338.51
901.11
879.59
355.37
259.19
209.77
174.72
164.19
293.24
345.70
2650.17
3367.33
2875.78
1235.73
1036.36
599.24
166.27
154.95
142.78
139.82
137.79
140.91
145.45
141.56
133.89
114.73
91.46
78.76
84.40
73.93
54.02
47.45
61.49
70.34
81.75
98.29
107.65
108.69
115.24
115.24
107.86
117.78
129.00
144.65
160.44
224.94
1137.29
1944.71
1102.83
754.32
532.63
1189.86
590.96
551.10
551.10
1038.26
488.03
510.18
1189.19
1044.89
1047.05
1079.94
914.95
858.92
500.41
347.32
196.98
196.25
196.37
196.87
206.69
207.08
160.14
147.63
136.22
120.35
95.69
83.49
81.28
91.39
108.47
124.82
145.53
308.09
320.59
249.72
152.68
148.89
147.37
146.13
145.90
145.66
150.19
171.39
199.64
323.87
217.09
218.71
220.06
196.34
427.00
385.03
453.55
532.77
1406.35
1520.55
2166.30
2570.34
2885.96
2362.86
2236.10
2188.85
2109.22
2075.41
2055.66
2019.54
2035.43
2080.24
2293.01
2658.04
2344.94
2121.37
2080.11
1996.44
2043.69
1900.69
1754.86
1812.38
1750.85
2082.37
2230.17
3186.98
3509.78
2447.14
2313.78
2226.84
2182.87
2122.90
2103.68
2101.78
2208.00
2329.35
2315.33
2403.86
2425.38
2272.97
2213.34
2051.63
1644.25
1557.31
1446.07
1557.31
1550.90
1847.90
2546.96
3039.35
3344.94
2649.51
2320.76
2199.19
2108.11
1999.67
1972.48
1918.93
1912.10
1943.63
2067.69
2315.49
2058.08
1699.04
1557.31
1241.38