381.16
381.16
385.53
394.26
413.04
533.04
654.56
851.53
921.52
738.63
624.32
534.02
424.07
450.28
752.17
873.48
952.52
1220.14
1329.10
1087.80
897.17
382.15
342.29
263.24
284.99
258.55
189.12
170.41
219.81
318.72
379.77
431.35
575.42
760.73
500.01
463.34
434.61
559.31
761.06
969.66
1064.65
1514.39
1480.66
1103.39
761.49
491.96
432.11
414.81
357.38
331.44
318.59
327.52
338.96
372.30
398.78
950.10
915.56
775.77
577.69
418.06
371.00
378.51
714.21
805.29
870.67
1262.37
979.84
385.38
366.86
359.77
341.03
276.86
200.05
191.85
189.88
191.30
195.57
233.83
309.59
342.49
359.76
376.27
374.96
369.82
342.82
328.28
319.75
290.13
310.68
302.15
285.97
2323.09
2086.75
1995.14
1918.29
1062.56
255.72
241.59
239.96
242.89
254.74
246.70
576.46
1402.98
1515.51
1531.82
1455.06
1244.36
1047.67
964.61
1191.95
1464.74
1602.82
1771.34
1673.38
527.86
336.72
340.96
325.30
288.88
283.33
249.73
254.41
228.20
261.15
285.93
325.40
310.18
332.79
365.84
382.70
390.96
410.09
399.00
396.18
401.29
425.86
544.36
542.08
453.04
389.44
295.18
299.96
215.81
166.12
138.94
99.70
117.74
139.60
222.55
395.74
499.13
543.38
587.85
613.73
575.46
542.62
525.88
564.80
610.46
652.65
669.93
543.38
473.59
417.49
393.89
347.80
322.25
334.91
314.89
299.84
283.71
325.49
370.74
503.99
725.24
833.27
725.68
704.68
681.40
663.33
657.16
654.99
659.11
712.36
710.41
648.61
478.34
425.62
369.98
360.02
292.37
212.15
203.58
197.61
189.59
200.00
215.18
248.26
319.41
358.68
379.94
432.76
414.86
358.57
358.89
358.35
521.69
658.89
671.58
654.56
380.37
358.68
335.68
320.50
291.00
299.27
282.02
279.42
256.86
240.59
259.13
468.26
970.48
972.54
933.38
819.71
701.69
471.95
445.70
382.79
333.65
337.78
325.08
243.62
188.95
177.89
153.27
126.69
81.57
10.34
3.16
0.00
-0.65
-0.76
0.11
9.04
21.89
33.21
32.77
32.99
32.88
27.22
23.19
27.33
30.92
54.88
69.14
51.28
25.70
11.11
9.91
4.14
-0.11
-11.17
-21.28
-22.03
-22.35
-22.35
-21.81
-11.93
-4.08
0.00
6.12
10.64
17.73
15.90
18.37
20.74
22.03
48.14
80.48
65.22
102.08
63.61
54.48
58.45
54.58
111.36
125.32
140.46
157.00
175.36
185.67
210.48
240.01
275.77
348.69
389.82
418.27
451.89
416.45
379.83
411.19
1576.13
2014.70
2124.77
1773.18
1572.58
1478.19
1481.95
1279.84
1048.21
908.39
735.71
390.78
399.05
492.48
1579.03
2149.58
2189.52
1787.46
1529.20
1394.96
1539.19
1779.30
2172.88
2279.62
2281.34
2729.58
2339.76
2012.87
1682.12
1073.88
229.59
185.78
299.28
271.97
232.31
203.82
217.26
255.42
293.37
769.70
955.89
1023.08
1074.03
1022.32
961.48
902.68
890.31
750.89
603.72
859.78
466.98
299.28
251.76
202.42
191.78
167.81
204.26
192.82
185.70
184.52
186.57
198.98
244.19
309.15
369.36
311.95
337.31
353.06
317.89
304.51
319.07
317.35
338.71
538.98
431.94
269.33
274.62
262.10
254.44
217.00
395.26
259.96
184.42
159.32
159.97
191.71
459.27
667.38
933.10
785.52
658.15
645.65
622.94
626.09
629.67
672.28
696.29
812.69
658.15
541.65
480.57
408.95
433.62
348.20
863.63
821.43
784.38
764.54
868.34
935.42
1107.51
1331.34
1512.19
1474.49
1307.44
1210.33
1180.29
1162.54
1179.96
1287.27
1456.07
1709.60
1730.76
1315.11
1199.91
1204.63
1181.72
917.44
1341.94
1281.14
1318.86
1318.53
1318.96
1336.78
1356.02
1600.11
1711.49
2000.88
1939.96
2185.37
2003.96
2060.69
2289.39
2497.08
2676.08
3100.38
3158.77
2866.41
2638.81
2551.84
2350.63
2198.02
2206.27
1972.94
2010.42
1940.08
1871.06
1933.04
1979.21
2134.28
2198.47
2363.33
2330.36
2395.86
2308.60
2185.50
2254.74
2468.51
2659.20
2938.58
3000.46
2928.36
2691.62
2364.10
2330.36
1781.15
1494.85
1495.06
1592.11
1543.97
1648.60
1808.96
2971.89
3483.39
3561.54
3386.78
3255.23
3379.97
3295.23
3322.71
3649.13
3667.49
3678.37
3686.17
3466.58
3203.02
2771.52
2417.95
2197.37
1703.89
1342.21
1235.22
1098.13
929.30
996.41
1150.75
1671.64
2464.94
2669.15
2299.30
2351.14
2461.98
2338.95
2327.31
2296.55
2468.02
2329.28
2406.29
2128.71
1990.30
1715.57
1682.51
1646.81
1510.60
1396.79
1356.79
1201.05
1173.43
1248.07
1318.10
1534.22
1642.83
1816.98
1869.91
1893.14
1827.72
1782.45
1766.01
1926.24
1971.72
2040.22
2390.60
1817.19
1696.53
1534.00
1371.14
1374.10
1246.97
1509.87
1357.82
1331.72
1283.33
1375.41
1637.12
2265.29
3202.15
3376.15
3221.59
3222.46
3166.54
2981.18
2948.30
2973.64
3280.79
3441.25
3525.03
3272.38
3122.95
2856.98
2511.60
2371.35
1896.65
2037.38
1905.75
1773.91
1651.53
1731.26
1928.49
2448.25
3231.58
3346.68
3077.44
3050.79
2866.08
2785.14
2963.55
3156.52
3463.18
3561.08
3806.28
3676.28
3419.78
2982.26
2827.57
2865.86
2399.84
2250.50
2228.50
2106.26
2115.36
2094.12
2199.35
2273.36
2412.29
2802.53
2960.42
2794.08
2745.20
2709.11
2572.79
2791.69
2861.16
3123.19
3423.59
3317.17
2926.83
2516.54
2256.78
2115.36
1837.07
1536.14
1438.26
1325.39
1079.78
1079.78
1147.57
1357.87
1439.56
1471.72
1596.97
1627.49
1732.97
1692.35
1649.44
1706.90
1716.35
1800.21
1895.70
1898.96
1772.95
1655.63
1380.79
1068.38
910.10
1370.04
1373.19
1330.28
1254.13
1263.91
1304.43
1597.08
1977.06
2216.92
2246.36
2476.33
2533.14
2524.23
2523.91
2523.58
2529.99
2666.54
2715.53
2619.61
2387.36
2197.58
2065.38
1929.59
1536.14
2284.82
2233.28
2287.77
2286.02
2287.66
2419.52
2829.82
4214.27
4833.70
4852.99
4859.42
4747.06
4555.81
4623.48
4864.54
4911.62
5013.41
5460.87
5305.68
4933.31
4254.49
3590.59
3165.91
2980.86
2924.64
2826.99
2790.80
2774.02
2846.71
3084.74
3621.38
4734.67
5210.62
5216.07
5173.67
5258.79
4904.26
4909.49
5059.56
4999.84
5213.89
5487.98
5396.98
5069.37
4510.93
3751.29
3370.39
2894.34