686.32
677.48
545.82
242.02
190.49
180.34
176.30
266.69
491.46
703.13
701.16
680.86
599.64
638.72
662.74
701.60
743.96
813.93
881.72
849.41
739.48
703.78
728.78
721.91
702.38
696.93
633.81
674.19
644.15
647.85
646.22
653.29
925.36
1001.22
806.96
692.25
640.89
628.59
702.48
729.26
994.25
2039.87
2173.62
1845.18
1613.27
2447.98
1728.19
1603.04
879.77
1023.42
902.40
917.09
1036.15
1381.57
2096.90
3121.40
3309.46
2822.56
2175.80
1603.36
1296.03
1407.25
1578.88
1710.56
2220.85
3400.66
3754.46
3822.80
3731.82
3339.17
2005.37
1545.25
874.50
871.56
871.78
871.67
926.30
1452.86
2596.80
3080.61
3742.27
3374.59
2755.34
2311.99
1765.47
1643.13
1527.33
1571.06
1933.29
2181.25
2430.08
2182.23
1814.22
668.53
443.25
305.75
194.35
183.44
178.68
182.79
203.53
313.29
504.50
679.84
771.56
791.43
830.86
592.44
420.67
254.30
185.49
210.44
388.05
277.53
218.11
172.74
109.11
48.07
0.86
-2.05
-4.23
-10.30
-10.73
-5.64
-0.98
6.29
46.29
110.48
142.13
141.05
120.56
96.92
61.58
47.60
42.82
47.16
45.10
72.10
59.41
55.08
35.78
15.94
0.98
-0.54
-9.99
-10.43
-10.43
-6.41
-0.54
8.80
64.64
144.92
162.19
162.30
161.98
157.74
152.74
149.27
131.23
114.28
82.45
112.76
123.08
115.59
87.78
62.36
41.06
14.12
0.11
0.00
-0.33
0.00
0.76
22.06
41.30
81.29
110.09
130.41
139.87
125.74
114.87
102.05
98.03
105.09
112.70
118.13
127.26
142.15
116.18
107.92
91.83
57.49
22.58
18.19
22.03
24.33
49.53
84.49
110.69
124.60
152.77
184.33
187.95
170.30
160.77
156.06
159.01
158.03
160.88
164.82
169.21
165.15
156.60
156.71
139.29
117.59
122.96
113.75
107.18
98.96
104.44
123.95
137.43
133.26
142.03
148.38
143.34
139.62
128.22
116.17
101.92
116.71
121.10
142.14
146.52
141.37
116.82
105.10
75.18
22.14
0.77
0.66
4.49
11.51
22.69
85.15
120.22
138.30
143.89
142.14
140.82
138.52
138.08
133.92
122.08
120.11
125.04
138.96
143.24
140.06
120.55
115.95
92.06
34.52
114.62
113.30
115.83
123.64
135.52
159.27
633.58
2207.51
2244.47
2307.17
2969.12
2223.68
2120.61
2055.94
2029.65
2045.49
2038.89
2236.33
2254.26
2222.69
2022.39
1065.42
171.26
164.77
167.68
162.83
156.98
155.44
160.07
172.65
228.91
1322.71
1710.92
1709.93
1710.26
1710.48
1499.22
1323.26
1323.15
1258.07
1323.26
1655.43
2119.65
1931.34
651.21
442.04
384.68
327.75
355.62
377.18
400.07
508.78
660.62
780.78
2122.04
2418.91
2452.69
2830.53
2842.74
2739.97
2407.35
2341.88
2200.50
1993.75
2140.09
2258.81
2605.19
2632.58
1870.96
359.91
323.16
225.12
221.99
228.25
218.80
207.14
200.66
193.51
208.57
202.20
220.23
235.40
241.89
284.77
507.08
549.96
439.80
253.43
545.68
1040.67
1485.08
271.79
212.75
205.93
182.30
159.32
167.63
171.70
171.04
175.98
185.99
193.13
200.06
207.75
230.62
235.89
230.40
219.18
200.50
147.07
179.61
188.95
191.15
208.19
225.89
214.79
201.71
206.76
194.45
184.34
222.15
219.40
215.12
210.94
205.33
200.61
205.44
492.23
1860.31
1717.63
1376.66
1417.11
1291.47
1264.43
1322.46
1495.26
1630.90
1513.51
1701.80
1334.67
311.19
288.76
249.52
223.80
266.59
262.74
261.53
263.18
259.66
270.00
320.37
1930.12
2384.99
2171.52
2058.35
861.13
660.31
304.42
285.06
272.31
287.48
1318.75
1654.07
1064.37
236.23
226.44
191.69
175.85
174.72
171.55
172.09
175.15
199.28
210.75
1712.86
2024.51
2179.57
2129.89
1985.96
1844.44
1626.82
1579.42
1518.49
1612.07
1800.33
1965.44
1929.73
1842.81
1717.34
1560.86
947.28
215.34
252.72
251.19
271.12
287.65
309.33
1194.40
1597.90
1845.80
2144.07
1835.73
1833.10
1696.56
1453.80
1422.15
1424.34
1470.77
1582.35
1796.75
1898.91
1934.71
1683.20
1501.21
711.62
546.50
620.31
585.51
567.28
567.83
607.68
651.49
1647.06
1899.91
2048.67
2070.52
1933.39
1893.21
1783.53
1752.68
1721.83
1688.34
1737.42
1835.68
1862.69
1707.23
1586.57
748.33
631.29
563.33
765.54
707.71
689.47
697.10
699.20
695.66
995.66
1106.90
1557.30
1571.45
1548.23
1463.52
1428.03
1339.90
1239.60
1260.61
1433.23
1712.44
1919.34
1963.35
884.75
969.56
499.60
320.68
367.82
341.74
329.26
316.77
339.64
416.88
339.09
380.75
524.60
658.52
948.00
1005.34
832.32
712.55
679.62
680.95
918.94
1120.14
1242.34
1245.44
1110.53
941.70
675.31
678.29
548.80
534.55
410.69
277.11
420.63
574.21
754.53
1145.66
1349.07
1203.34
1157.38
900.38
752.43
749.34
753.43
841.49
911.54
1215.16
1318.58
1392.05
659.84
557.97
321.30
262.30
281.77
277.02
269.61
264.41
266.07
306.98
371.35
1280.58
1400.67
1246.52
798.76
652.56
680.32
707.97
751.54
886.45
816.45
1647.72
1891.34
1560.58
853.50
713.16
658.76
617.51
640.65
606.47
611.97
638.23
662.29
767.90
1363.38
1662.17
1738.54
1609.42
1464.92
1303.05
1236.13
1273.93
1302.50
1372.61
1576.34
1552.17
1661.29
1628.21
1359.20
1179.10
780.09
606.36
695.57
599.44
473.12
382.57
371.30
430.91
604.69
999.07
1093.01
959.15
776.29
777.82
692.18
649.42
668.34
713.62
668.67
1318.53
1336.46
848.69
681.14
606.22
420.41
297.26
283.27
259.42
244.54
221.34
208.54
250.34
316.10
1094.58
1292.62
1308.15
1181.34
1115.48
1061.86
655.94
382.73
391.81
394.22
1150.82
1247.87
1321.06
1183.20
656.70
358.22
303.84
334.22
251.40
209.72
180.18
160.05
152.07
138.94
139.16
143.86
166.62
141.89
133.80
89.71
53.83
47.15
53.72
127.01
177.23
183.90
182.15
170.56
179.75
180.84
170.23
129.18
134.42
168.79
179.37
204.69
234.15
249.09
301.14
379.15
407.19
868.93
1065.22
1064.89
1064.89
1165.27
1326.97
1492.49
1661.28
1799.51
1742.67
1558.06
1469.14
1342.68
1155.12
1377.70
1268.16
1238.70
1220.37
1225.39
1295.44
1550.75
1771.91
1833.01
1672.62
1564.06
1548.79
1548.89
1554.35
1650.58
1801.26
1822.32
2102.73
1947.03
1777.91
1557.19
1449.06
1103.73
482.69