3311.18
3310.54
3310.33
1889.89
3310.97
5554.53
6721.28
7148.22
6937.58
6407.35
6066.39
5576.00
5290.16
5250.53
5350.40
5625.99
5837.80
6621.73
7154.10
7609.34
7319.45
6679.73
5968.87
5162.51
4780.78
4389.70
4144.49
3801.96
4106.57
4669.40
5715.02
6080.43
6250.89
5691.50
5343.92
4448.46
3039.46
2815.94
2835.28
3329.47
3947.61
5256.49
5908.57
6020.92
5900.52
4213.87
3598.42
2033.15
2415.96
1967.74
1967.63
1967.74
1967.52
2412.41
2886.33
3884.29
4202.82
3974.40
2169.80
1379.50
809.44
548.55
833.96
1741.58
2581.03
3180.88
4761.16
5520.38
4909.99
2796.11
1967.09
656.41
687.47
698.54
832.91
707.25
699.94
651.24
615.44
910.96
1966.19
1927.59
1234.54
883.55
799.80
607.59
721.22
931.28
2194.30
4031.27
4778.83
5350.20
5350.20
4668.97
4084.92
2587.65
1966.29
1967.15
2058.96
2257.51
2511.00
3856.05
4943.95
5444.91
5589.28
5148.42
4640.37
4170.81
4081.15
3693.94
3150.31
4080.94
4211.87
5235.82
5911.46
6266.96
5448.35
4408.17
2885.75
1590.69
598.07
638.31
640.24
628.44
801.40
1823.08
4560.23
5633.63
5882.67
5010.56
4625.25
3267.09
2737.90
2865.90
2949.81
3811.51
4465.27
4827.72
5685.99
5934.38
5793.29
4970.64
3635.33
1499.80
2137.12
2804.28
2341.62
2341.40
2672.58
3100.07
5046.48
5557.67
5609.73
5357.55
5023.60
4814.51
4200.91
4173.22
4240.14
4275.63
4646.25
5435.48
5648.21
5879.54
5364.18
3587.20
2672.47
1560.19
993.12
1348.01
1284.15
1317.85
2038.22
1015.04
3552.12
5232.98
5431.50
5096.08
4501.81
3209.63
3072.94
2855.17
1586.42
2656.23
3094.65
4699.15
5030.30
5133.73
4930.40
3582.39
929.05
790.32
854.81
834.37
855.88
839.08
832.55
915.28
1071.22
4060.65
4196.47
3927.51
3688.10
3445.68
3173.52
2986.65
2678.52
2764.36
2812.41
3376.22
4494.32
4815.50
4162.65
3210.87
1725.89
878.57
970.92
962.60
972.20
994.16
1013.57
1052.91
909.72
1075.20
2034.82
2558.98
2767.43
2896.77
2984.62
2985.16
2985.16
3192.76
3092.21
3591.10
3731.42
3731.21
3829.30
3548.13
3036.76
2185.80
4391.09
2781.14
2678.87
2616.96
2531.66
2536.89
3949.13
4011.37
4189.86
4189.86
4047.88
3959.70
3750.89
3073.65
2688.05
3094.46
3574.75
4316.26
4910.55
5271.49
5390.73
5052.64
4701.74
4167.66
3616.38
3202.60
3202.39
3645.63
3682.03
4053.54
4856.43
5199.86
5233.38
4899.67
4323.73
3836.19
3750.57
3521.90
3510.70
3586.49
4021.51
4889.10
5238.61
5294.97
4961.16
2342.60
943.38
747.17
518.28
390.57
318.37
297.63
303.70
477.98
698.63
796.88
893.22
877.06
957.02
1010.72
963.83
925.02
847.18
847.39
760.73
734.36
738.61
1275.07
717.24
689.38
512.86
305.72
353.03
318.23
309.22
302.21
367.66
530.49
758.67
1941.96
3499.60
1994.79
1634.55
1272.08
979.20
955.02
955.65
927.54
905.58
893.49
1200.48
1249.38
809.16
690.14
562.95
362.36
160.13
156.50
153.84
154.59
160.02
291.17
551.33
1597.74
2034.44
1896.15
2128.19
2163.13
2063.09
1897.32
1806.98
1609.99
924.32
1872.93
2071.30
2129.68
2095.80
1474.26
592.24
377.67
363.09
333.08
312.03
311.39
358.18
415.12
549.82
2016.08
2626.58
2805.30
1984.25
1194.93
864.74
724.69
407.96
469.70
887.60
1601.50
2228.77
2103.15
1708.97
394.18
316.63
158.42
249.40
168.78
160.82
160.93
169.53
220.81
258.22
328.31
1026.95
776.69
834.64
630.17
388.08
237.47
234.89
268.54
378.19
717.24
1123.38
1551.56
1143.38
781.32
738.85
464.51
296.56
292.14
239.56
293.32
367.28
341.04
266.01
619.79
805.05
733.58
783.24
782.27
739.41
381.85
348.06
366.74
517.45
882.35
1970.25
2179.91
2267.89
1972.95
1575.23
1080.24
343.74
320.75
299.80
275.08
301.75
349.68
1284.93
2856.06
4376.77
3740.56
3434.72
2430.70
2010.20
1615.82
1475.69
1295.18
1208.71
3607.23
4101.79
4210.19
3238.88
351.08
262.66
158.16
260.98
296.18
290.13
270.69
307.51
269.94
474.98
4430.32
4611.61
4232.72
3837.54
3628.28
3356.18
3232.98
3249.07
3431.44
3840.56
4445.22
4907.57
5238.62
5182.36
4530.52
4090.95
3728.27
2218.57
2086.57
2373.95
2434.44
2784.47
3689.04
4509.43
5696.73
5709.39
4621.31
3896.57
3479.99
3228.42
3270.51
3369.19
3591.01
3942.02
4401.01
4927.84
5109.08
4818.45
4359.89
3907.39
3689.69
1623.78
778.82
742.38
720.44
1446.67
2509.11
4470.73
5124.94
5199.58
4232.73
3643.68
3284.66
3212.20
3010.10
3143.56
3393.13
4014.37
4461.79
4463.42
4430.36
4413.33
4146.20
1483.01
531.55
544.49
510.12
512.84
540.58
563.31
742.13
3806.46
4198.03
4355.85
4074.14
3816.90
3682.46
3460.58
3211.93
3449.26
3511.26
3922.19
3964.83
4100.02
4197.70
4197.70
1742.47
766.93
622.59
669.94
653.62
657.89
664.46
701.82
719.45
735.34
767.98
1922.74
2617.87
3284.20
3161.41
2583.59
2671.00
2726.97
2752.61
3386.62
3939.46
4153.50
4301.60
4197.75
2758.74
2183.11
1422.69
976.56
883.84
863.65
850.81
888.12
1283.46
1340.52
1497.97
2141.95
2351.64
2669.29
2782.75
2365.02
2499.55
2263.31
2340.88
2516.88
3513.96
3852.90
3923.56
3520.54
2343.96
1340.30
470.83
1371.79
664.83
585.60
615.34
867.60
1316.49
645.62
3575.73
3620.83
3198.50
2850.12
2386.31
1788.31
1862.70
1026.70
677.99
565.09
617.64
700.82
697.53
586.81
465.13
346.62
205.95
152.25
142.09
138.37
141.76
156.52
177.06
270.19
649.34
985.44
764.54
757.33
751.54
678.31
665.19
639.18
627.59
634.48
678.20
724.98
712.19
660.05
572.40
503.87
379.59
494.97
490.63
497.58
507.25
510.94
549.93
613.47
749.68
828.32
838.96
830.82
829.19
826.47
830.17
834.29
835.05
784.44
824.63
822.45
821.26
833.75
763.04
760.33
653.55
552.18
564.60
577.03
550.11
615.72
690.28
806.36
1010.40
1978.62
1652.28
1558.11
1999.22
1871.48
2506.27
2030.39
2288.50
2646.88
3406.26
3984.38
3923.23
3208.32
2680.99
972.25
852.25
1049.52
997.40
934.20
932.55
968.98
1371.67
3433.96
3725.61
3886.46
3827.54
3713.32
3471.59
3061.44
2767.27
2194.83
2092.13
2337.03
3225.04
2896.74
1215.75
895.69
766.32
542.70
496.40