0
0
0
0
0
0
0
0
7.530967e-03
4.704303e-02
8.174245e-02
1.009131e-01
1.009131e-01
8.174245e-02
4.704303e-02
7.530967e-03
0
0
0
0
0
0
0
0
0
0
0
0
0
0
0
0
7.934803e-03
4.751530e-02
8.194185e-02
1.009436e-01
1.009436e-01
8.194185e-02
4.751530e-02
7.934803e-03
0
0
0
0
0
0
0
0
0
0
0
0
0
0
0
0
8.347183e-03
4.798205e-02
8.213864e-02
1.009736e-01
1.009736e-01
8.213864e-02
4.798205e-02
8.347183e-03
0
0
0
0
0
0
0
0
0
0
0
0
0
0
0
0
8.556524e-03
4.821338e-02
8.223608e-02
1.009885e-01
1.009885e-01
8.223608e-02
4.821338e-02
8.556524e-03
0
0
0
0
0
0
0
0
0
0
0
0
0
0
0
0
8.981460e-03
4.867199e-02
8.242907e-02
1.010179e-01
1.010179e-01
8.242907e-02
4.867199e-02
8.981460e-03
0
0
0
0
0
0
0
0
0
0
0
0
0
0
0
0
9.414615e-03
4.912527e-02
8.261956e-02
1.010470e-01
1.010470e-01
8.261956e-02
4.912527e-02
9.414615e-03
0
0
0
0
0
0
0
0
0
0
0
0
0
0
0
0
9.855861e-03
4.957329e-02
8.280761e-02
1.010756e-01
1.010756e-01
8.280761e-02
4.957329e-02
9.855861e-03
0
0
0
0
0
0
0
0
0
0
0
0
0
0
0
0
1.053263e-02
5.023564e-02
8.308518e-02
1.011179e-01
1.011179e-01
8.308518e-02
5.023564e-02
1.053263e-02
0
0
0
0
0
0
0
0
0
0
0
0
0
0
0
0
1.076213e-02
5.045388e-02
8.317653e-02
1.011318e-01
1.011318e-01
8.317653e-02
5.045388e-02
1.076213e-02
0
0
0
0
0
0
0
0
0
0
0
0
0
0
0
0
1.146217e-02
5.110108e-02
8.344709e-02
1.011729e-01
1.011729e-01
8.344709e-02
5.110108e-02
1.146217e-02
0
0
0
0
0
0
0
0
0
0
0
0
0
0
0
0
1.217920e-02
5.173720e-02
8.371255e-02
1.012132e-01
1.012132e-01
8.371255e-02
5.173720e-02
1.217920e-02
0
0
0
0
0
0
0
0
0
0
0
0
0
0
0
0
1.266648e-02
5.215525e-02
8.388675e-02
1.012397e-01
1.012397e-01
8.388675e-02
5.215525e-02
1.266648e-02
0
0
0
0
0
0
0
0
0
0
0
0
0
0
0
0
1.341100e-02
5.277343e-02
8.414398e-02
1.012787e-01
1.012787e-01
8.414398e-02
5.277343e-02
1.341100e-02
0
0
0
0
0
0
0
0
0
0
0
0
0
0
0
0
1.417149e-02
5.338115e-02
8.439643e-02
1.013170e-01
1.013170e-01
8.439643e-02
5.338115e-02
1.417149e-02
0
0
0
0
0
0
0
0
0
0
0
0
0
0
0
0
1.494764e-02
5.397863e-02
8.464421e-02
1.013545e-01
1.013545e-01
8.464421e-02
5.397863e-02
1.494764e-02
0
0
0
0
0
0
0
0
0
0
0
0
0
0
0
0
1.547358e-02
5.437137e-02
8.480687e-02
1.013791e-01
1.013791e-01
8.480687e-02
5.437137e-02
1.547358e-02
0
0
0
0
0
0
0
0
0
0
0
0
0
0
0
0
1.627503e-02
5.495226e-02
8.504714e-02
1.014155e-01
1.014155e-01
8.504714e-02
5.495226e-02
1.627503e-02
0
0
0
0
0
0
0
0
0
0
0
0
0
0
0
0
1.709121e-02
5.552347e-02
8.528303e-02
1.014512e-01
1.014512e-01
8.528303e-02
5.552347e-02
1.709121e-02
0
0
0
0
0
0
0
0
0
0
0
0
0
0
0
0
1.820180e-02
5.627039e-02
8.559094e-02
1.014977e-01
1.014977e-01
8.559094e-02
5.627039e-02
1.820180e-02
0
0
0
0
0
0
0
0
0
0
0
0
0
0
0
0
1.905112e-02
5.681980e-02
8.581703e-02
1.015318e-01
1.015318e-01
8.581703e-02
5.681980e-02
1.905112e-02
0
0
0
0
0
0
0
0
0
0
0
0
0
0
0
0
1.991414e-02
5.736019e-02
8.603909e-02
1.015653e-01
1.015653e-01
8.603909e-02
5.736019e-02
1.991414e-02
0
0
0
0
0
0
0
0
0
0
0
0
0
0
0
1.271203e-05
2.107287e-02
5.806701e-02
8.632906e-02
1.016090e-01
1.016090e-01
8.632906e-02
5.806701e-02
2.107287e-02
1.271203e-05
0
0
0
0
0
0
0
0
0
0
0
0
0
0
5.053318e-05
2.192885e-02
5.858707e-02
8.654206e-02
1.016410e-01
1.016410e-01
8.654206e-02
5.858707e-02
2.192885e-02
5.053318e-05
0
0
0
0
0
0
0
0
0
0
0
0
0
0
1.392156e-04
2.305167e-02
5.926743e-02
8.682028e-02
1.016829e-01
1.016829e-01
8.682028e-02
5.926743e-02
2.305167e-02
1.392156e-04
0
0
0
0
0
0
0
0
0
0
0
0
0
0
2.338293e-04
2.388014e-02
5.976812e-02
8.702471e-02
1.017136e-01
1.017136e-01
8.702471e-02
5.976812e-02
2.388014e-02
2.338293e-04
0
0
0
0
0
0
0
0
0
0
0
0
0
0
3.966051e-04
2.496695e-02
6.042326e-02
8.729179e-02
1.017538e-01
1.017538e-01
8.729179e-02
6.042326e-02
2.496695e-02
3.966051e-04
0
0
0
0
0
0
0
0
0
0
0
0
0
0
6.002957e-04
2.603375e-02
6.106453e-02
8.755278e-02
1.017930e-01
1.017930e-01
8.755278e-02
6.106453e-02
2.603375e-02
6.002957e-04
0
0
0
0
0
0
0
0
0
0
0
0
0
0
7.793108e-04
2.682099e-02
6.153660e-02
8.774462e-02
1.018217e-01
1.018217e-01
8.774462e-02
6.153660e-02
2.682099e-02
7.793108e-04
0
0
0
0
0
0
0
0
0
0
0
0
0
0
1.052211e-03
2.785381e-02
6.215447e-02
8.799537e-02
1.018593e-01
1.018593e-01
8.799537e-02
6.215447e-02
2.785381e-02
1.052211e-03
0
0
0
0
0
0
0
0
0
0
0
0
0
0
1.363335e-03
2.886776e-02
6.275947e-02
8.824051e-02
1.018960e-01
1.018960e-01
8.824051e-02
6.275947e-02
2.886776e-02
1.363335e-03
0
0
0
0
0
0
0
0
0
0
0
0
0
0
1.711756e-03
2.986325e-02
6.335193e-02
8.848019e-02
1.019319e-01
1.019319e-01
8.848019e-02
6.335193e-02
2.986325e-02
1.711756e-03
0
0
0
0
0
0
0
0
0
0
0
0
0
0
3.809202e-03
5.603355e-02
1.161566e-01
1.611831e-01
1.852610e-01
1.852610e-01
1.611831e-01
1.161566e-01
5.603355e-02
3.809202e-03
0
0
0
0
0
0
0
0
0
0
0
0
0
0
4.572883e-03
5.777723e-02
1.171892e-01
1.615996e-01
1.853233e-01
1.853233e-01
1.615996e-01
1.171892e-01
5.777723e-02
4.572883e-03
0
0
0
0
0
0
0
0
0
0
0
0
0
0
5.399532e-03
5.948944e-02
1.182009e-01
1.620071e-01
1.853841e-01
1.853841e-01
1.620071e-01
1.182009e-01
5.948944e-02
5.399532e-03
0
0
0
0
0
0
0
0
0
0
0
0
0
0
6.287637e-03
6.117085e-02
1.191920e-01
1.624057e-01
1.854436e-01
1.854436e-01
1.624057e-01
1.191920e-01
6.117085e-02
6.287637e-03
0
0
0
0
0
0
0
0
0
0
0
0
0
0
7.235727e-03
6.282212e-02
1.201631e-01
1.627958e-01
1.855018e-01
1.855018e-01
1.627958e-01
1.201631e-01
6.282212e-02
7.235727e-03
0
0
0
0
0
0
0
0
0
0
0
0
0
0
8.503017e-03
6.484477e-02
1.213498e-01
1.632718e-01
1.855728e-01
1.855728e-01
1.632718e-01
1.213498e-01
6.484477e-02
8.503017e-03
0
0
0
0
0
0
0
0
0
0
0
0
0
0
9.580881e-03
6.643051e-02
1.222779e-01
1.636435e-01
1.856281e-01
1.856281e-01
1.636435e-01
1.222779e-01
6.643051e-02
9.580881e-03
0
0
0
0
0
0
0
0
0
0
0
0
0
0
1.071422e-02
6.798814e-02
1.231877e-01
1.640074e-01
1.856823e-01
1.856823e-01
1.640074e-01
1.231877e-01
6.798814e-02
1.071422e-02
0
0
0
0
0
0
0
0
0
0
0
0
0
0
1.190173e-02
6.951824e-02
1.240796e-01
1.643637e-01
1.857353e-01
1.857353e-01
1.643637e-01
1.240796e-01
6.951824e-02
1.190173e-02
0
0
0
0
0
0
0
0
0
0
0
0
0
0
1.314211e-02
7.102140e-02
1.249540e-01
1.647126e-01
1.857872e-01
1.857872e-01
1.647126e-01
1.249540e-01
7.102140e-02
1.314211e-02
0
0
0
0
0
0
0
0
0
0
0
0
0
0
1.443415e-02
7.249819e-02
1.258115e-01
1.650543e-01
1.858380e-01
1.858380e-01
1.650543e-01
1.258115e-01
7.249819e-02
1.443415e-02
0
0
0
0
0
0
0
0
0
0
0
0
0
0
1.646636e-02
7.466515e-02
1.270667e-01
1.655539e-01
1.859121e-01
1.859121e-01
1.655539e-01
1.270667e-01
7.466515e-02
1.646636e-02
0
0
0
0
0
0
0
0
0
0
0
0
0
0
1.788229e-02
7.607844e-02
1.278835e-01
1.658785e-01
1.859603e-01
1.859603e-01
1.658785e-01
1.278835e-01
7.607844e-02
1.788229e-02
0
0
0
0
0
0
0
0
0
0
0
0
0
0
1.934579e-02
7.746725e-02
1.286848e-01
1.661966e-01
1.860075e-01
1.860075e-01
1.661966e-01
1.286848e-01
7.746725e-02
1.934579e-02
0
0
0
0
0
0
0
0
0
0
0
0
0
0
2.085574e-02
7.883211e-02
1.294708e-01
1.665083e-01
1.860537e-01
1.860537e-01
1.665083e-01
1.294708e-01
7.883211e-02
2.085574e-02
0
0
0
0
0
0
0
0
0
0
0
0
0
0
2.280688e-02
8.050528e-02
1.304326e-01
1.668893e-01
1.861101e-01
1.861101e-01
1.668893e-01
1.304326e-01
8.050528e-02
2.280688e-02
0
0
0
0
0
0
0
0
0
0
0
0
0
0
2.441751e-02
8.181807e-02
1.311858e-01
1.671873e-01
1.861543e-01
1.861543e-01
1.671873e-01
1.311858e-01
8.181807e-02
2.441751e-02
0
0
0
0
0
0
0
0
0
0
0
0
0
0
2.607122e-02
8.310851e-02
1.319251e-01
1.674795e-01
1.861975e-01
1.861975e-01
1.674795e-01
1.319251e-01
8.310851e-02
2.607122e-02
0
0
0
0
0
0
0
0
0
0
0
0
0
0
2.819750e-02
8.469082e-02
1.328299e-01
1.678367e-01
1.862503e-01
1.862503e-01
1.678367e-01
1.328299e-01
8.469082e-02
2.819750e-02
0
0
0
0
0
0
0
0
0
0
0
0
0
8.235974e-06
3.037949e-02
8.623983e-02
1.337140e-01
1.681853e-01
1.863019e-01
1.863019e-01
1.681853e-01
1.337140e-01
8.623983e-02
3.037949e-02
8.235974e-06
0
0
0
0
0
0
0
0
0
0
0
0
7.363250e-05
3.211113e-02
8.745564e-02
1.344067e-01
1.684582e-01
1.863422e-01
1.863422e-01
1.684582e-01
1.344067e-01
8.745564e-02
3.211113e-02
7.363250e-05
0
0
0
0
0
0
0
0
0
0
0
0
2.031851e-04
3.381750e-02
8.865110e-02
1.350869e-01
1.687259e-01
1.863817e-01
1.863817e-01
1.687259e-01
1.350869e-01
8.865110e-02
3.381750e-02
2.031851e-04
0
0
0
0
0
0
0
0
0
0
0
0
4.534194e-04
3.591555e-02
9.011749e-02
1.359198e-01
1.690535e-01
1.864301e-01
1.864301e-01
1.690535e-01
1.359198e-01
9.011749e-02
3.591555e-02
4.534194e-04
0
0
0
0
0
0
0
0
0
0
0
0
7.227334e-04
3.756654e-02
9.126873e-02
1.365728e-01
1.693099e-01
1.864679e-01
1.864679e-01
1.693099e-01
1.365728e-01
9.126873e-02
3.756654e-02
7.227334e-04
0
0
0
0
0
0
0
0
0
0
0
0
1.143804e-03
3.959660e-02
9.268111e-02
1.373726e-01
1.696238e-01
1.865142e-01
1.865142e-01
1.696238e-01
1.373726e-01
9.268111e-02
3.959660e-02
1.143804e-03
0
0
0
0
0
0
0
0
0
0
0
0
1.546768e-03
4.119419e-02
9.379014e-02
1.379997e-01
1.698697e-01
1.865505e-01
1.865505e-01
1.698697e-01
1.379997e-01
9.379014e-02
4.119419e-02
1.546768e-03
0
0
0
0
0
0
0
0
0
0
0
0
2.131214e-03
4.315871e-02
9.515098e-02
1.387680e-01
1.701707e-01
1.865948e-01
1.865948e-01
1.701707e-01
1.387680e-01
9.515098e-02
4.315871e-02
2.131214e-03
0
0
0
0
0
0
0
0
0
0
0
0
2.803338e-03
4.508785e-02
9.648420e-02
1.395196e-01
1.704648e-01
1.866381e-01
1.866381e-01
1.704648e-01
1.395196e-01
9.648420e-02
4.508785e-02
2.803338e-03
0
0
0
0
0
0
0
0
0
0
0
0
7.840413e-03
1.073879e-01
2.247275e-01
3.228332e-01
3.933085e-01
4.301215e-01
4.301215e-01
3.933085e-01
3.228332e-01
2.247275e-01
1.073879e-01
7.840413e-03
0
0
0
0
0
0
0
0
0
0
0
0
9.740445e-03
1.116903e-01
2.276889e-01
3.244981e-01
3.939589e-01
4.302172e-01
4.302172e-01
3.939589e-01
3.244981e-01
2.276889e-01
1.116903e-01
9.740445e-03
0
0
0
0
0
0
0
0
0
0
0
0
1.139642e-02
1.150768e-01
2.300154e-01
3.258043e-01
3.944687e-01
4.302922e-01
4.302922e-01
3.944687e-01
3.258043e-01
2.300154e-01
1.150768e-01
1.139642e-02
0
0
0
0
0
0
0
0
0
0
0
0
1.363261e-02
1.192419e-01
2.328713e-01
3.274056e-01
3.950933e-01
4.303840e-01
4.303840e-01
3.950933e-01
3.274056e-01
2.328713e-01
1.192419e-01
1.363261e-02
0
0
0
0
0
0
0
0
0
0
0
0
1.555170e-02
1.225205e-01
2.351152e-01
3.286622e-01
3.955830e-01
4.304560e-01
4.304560e-01
3.955830e-01
3.286622e-01
2.351152e-01
1.225205e-01
1.555170e-02
0
0
0
0
0
0
0
0
0
0
0
0
1.810962e-02
1.265533e-01
2.378703e-01
3.302032e-01
3.961830e-01
4.305441e-01
4.305441e-01
3.961830e-01
3.302032e-01
2.378703e-01
1.265533e-01
1.810962e-02
0
0
0
0
0
0
0
0
0
0
0
0
2.028053e-02
1.297281e-01
2.400353e-01
3.314126e-01
3.966536e-01
4.306132e-01
4.306132e-01
3.966536e-01
3.314126e-01
2.400353e-01
1.297281e-01
2.028053e-02
0
0
0
0
0
0
0
0
0
0
0
0
2.314645e-02
1.336334e-01
2.426941e-01
3.328961e-01
3.972304e-01
4.306979e-01
4.306979e-01
3.972304e-01
3.328961e-01
2.426941e-01
1.336334e-01
2.314645e-02
0
0
0
0
0
0
0
0
0
0
0
0
2.680355e-02
1.382292e-01
2.458164e-01
3.346358e-01
3.979063e-01
4.307971e-01
4.307971e-01
3.979063e-01
3.346358e-01
2.458164e-01
1.382292e-01
2.680355e-02
0
0
0
0
0
0
0
0
0
0
0
0
2.937060e-02
1.412392e-01
2.478577e-01
3.357718e-01
3.983472e-01
4.308617e-01
4.308617e-01
3.983472e-01
3.357718e-01
2.478577e-01
1.412392e-01
2.937060e-02
0
0
0
0
0
0
0
0
0
0
0
0
3.272109e-02
1.449426e-01
2.503651e-01
3.371656e-01
3.988878e-01
4.309410e-01
4.309410e-01
3.988878e-01
3.371656e-01
2.503651e-01
1.449426e-01
3.272109e-02
0
0
0
0
0
0
0
0
0
0
0
0
3.551252e-02
1.478587e-01
2.523364e-01
3.382602e-01
3.993121e-01
4.310032e-01
4.310032e-01
3.993121e-01
3.382602e-01
2.523364e-01
1.478587e-01
3.551252e-02
0
0
0
0
0
0
0
0
0
0
0
0
3.913751e-02
1.514467e-01
2.547583e-01
3.396035e-01
3.998325e-01
4.310795e-01
4.310795e-01
3.998325e-01
3.396035e-01
2.547583e-01
1.514467e-01
3.913751e-02
0
0
0
0
0
0
0
0
0
0
0
0
4.214391e-02
1.542724e-01
2.566626e-01
3.406587e-01
4.002410e-01
4.311393e-01
4.311393e-01
4.002410e-01
3.406587e-01
2.566626e-01
1.542724e-01
4.214391e-02
0
0
0
0
0
0
0
0
0
0
0
0
4.603198e-02
1.577495e-01
2.590026e-01
3.419540e-01
4.007421e-01
4.312127e-01
4.312127e-01
4.007421e-01
3.419540e-01
2.590026e-01
1.577495e-01
4.603198e-02
0
0
0
0
0
0
0
0
0
0
0
0
5.006137e-02
1.611667e-01
2.612987e-01
3.432236e-01
4.012329e-01
4.312845e-01
4.312845e-01
4.012329e-01
3.432236e-01
2.612987e-01
1.611667e-01
5.006137e-02
0
0
0
0
0
0
0
0
0
0
0
0
5.338452e-02
1.638582e-01
2.631046e-01
3.442212e-01
4.016183e-01
4.313409e-01
4.313409e-01
4.016183e-01
3.442212e-01
2.631046e-01
1.638582e-01
5.338452e-02
0
0
0
0
0
0
0
0
0
0
0
3.961178e-06
5.765629e-02
1.671707e-01
2.653242e-01
3.454461e-01
4.020912e-01
4.314101e-01
4.314101e-01
4.020912e-01
3.454461e-01
2.653242e-01
1.671707e-01
5.765629e-02
3.961178e-06
0
0
0
0
0
0
0
0
0
0
9.848165e-05
6.107784e-02
1.697801e-01
2.670702e-01
3.464087e-01
4.024627e-01
4.314644e-01
4.314644e-01
4.024627e-01
3.464087e-01
2.670702e-01
1.697801e-01
6.107784e-02
9.848165e-05
0
0
0
0
0
0
0
0
0
0
3.912172e-04
6.529702e-02
1.729918e-01
2.692165e-01
3.475910e-01
4.029187e-01
4.315311e-01
4.315311e-01
4.029187e-01
3.475910e-01
2.692165e-01
1.729918e-01
6.529702e-02
3.912172e-04
0
0
0
0
0
0
0
0
0
0
7.625795e-04
6.862677e-02
1.755220e-01
2.709052e-01
3.485204e-01
4.032769e-01
4.315834e-01
4.315834e-01
4.032769e-01
3.485204e-01
2.709052e-01
1.755220e-01
6.862677e-02
7.625795e-04
0
0
0
0
0
0
0
0
0
0
1.394958e-03
7.273285e-02
1.786367e-01
2.729814e-01
3.496620e-01
4.037167e-01
4.316477e-01
4.316477e-01
4.037167e-01
3.496620e-01
2.729814e-01
1.786367e-01
7.273285e-02
1.394958e-03
0
0
0
0
0
0
0
0
0
0
2.210620e-03
7.677750e-02
1.816990e-01
2.750198e-01
3.507818e-01
4.041478e-01
4.317107e-01
4.317107e-01
4.041478e-01
3.507818e-01
2.750198e-01
1.816990e-01
7.677750e-02
2.210620e-03
0
0
0
0
0
0
0
0
0
0
2.992591e-03
7.996968e-02
1.841119e-01
2.766240e-01
3.516623e-01
4.044866e-01
4.317602e-01
4.317602e-01
4.044866e-01
3.516623e-01
2.766240e-01
1.841119e-01
7.996968e-02
2.992591e-03
0
0
0
0
0
0
0
0
0
0
4.128753e-03
8.390629e-02
1.870826e-01
2.785967e-01
3.527441e-01
4.049026e-01
4.318209e-01
4.318209e-01
4.049026e-01
3.527441e-01
2.785967e-01
1.870826e-01
8.390629e-02
4.128753e-03
0
0
0
0
0
0
0
0
0
0
5.162401e-03
8.701331e-02
1.894235e-01
2.801495e-01
3.535950e-01
4.052297e-01
4.318686e-01
4.318686e-01
4.052297e-01
3.535950e-01
2.801495e-01
1.894235e-01
8.701331e-02
5.162401e-03
0
0
0
0
0
0
0
0
0
0
6.607389e-03
9.084505e-02
1.923059e-01
2.820592e-01
3.546406e-01
4.056314e-01
4.319273e-01
4.319273e-01
4.056314e-01
3.546406e-01
2.820592e-01
1.923059e-01
9.084505e-02
6.607389e-03
0
0
0
0
0
0
0
0
0
0
8.219089e-03
9.461988e-02
1.951408e-01
2.839351e-01
3.556668e-01
4.060254e-01
4.319847e-01
4.319847e-01
4.060254e-01
3.556668e-01
2.839351e-01
1.951408e-01
9.461988e-02
8.219089e-03
0
0
0
0
0
0
0
0
0
0
9.626149e-03
9.759939e-02
1.973750e-01
2.854119e-01
3.564741e-01
4.063353e-01
4.320299e-01
4.320299e-01
4.063353e-01
3.564741e-01
2.854119e-01
1.973750e-01
9.759939e-02
9.626149e-03
0
0
0
0
0
0
0
0
0
0
1.152941e-02
1.012741e-01
2.001265e-01
2.872287e-01
3.574665e-01
4.067159e-01
4.320854e-01
4.320854e-01
4.067159e-01
3.574665e-01
2.872287e-01
2.001265e-01
1.012741e-01
1.152941e-02
0
0
0
0
0
0
0
0
0
0
1.316549e-02
1.041748e-01
2.022954e-01
2.886592e-01
3.582473e-01
4.070153e-01
4.321291e-01
4.321291e-01
4.070153e-01
3.582473e-01
2.886592e-01
2.022954e-01
1.041748e-01
1.316549e-02
0
0
0
0
0
0
0
0
0
0
1.815062e-02
1.274138e-01
2.423663e-01
3.434113e-01
4.247508e-01
4.817172e-01
5.110418e-01
5.110418e-01
4.817172e-01
4.247508e-01
3.434113e-01
2.423663e-01
1.274138e-01
1.815062e-02
0
0
0
0
0
0
0
0
0
0
2.091290e-02
1.315820e-01
2.454737e-01
3.454566e-01
4.258654e-01
4.821442e-01
5.111040e-01
5.111040e-01
4.821442e-01
4.258654e-01
3.454566e-01
2.454737e-01
1.315820e-01
2.091290e-02
0
0
0
0
0
0
0
0
0
0
2.324951e-02
1.348724e-01
2.479234e-01
3.470673e-01
4.267426e-01
4.824800e-01
5.111529e-01
5.111529e-01
4.824800e-01
4.267426e-01
3.470673e-01
2.479234e-01
1.348724e-01
2.324951e-02
0
0
0
0
0
0
0
0
0
0
2.632575e-02
1.389311e-01
2.509412e-01
3.490497e-01
4.278215e-01
4.828929e-01
5.112131e-01
5.112131e-01
4.828929e-01
4.278215e-01
3.490497e-01
2.509412e-01
1.389311e-01
2.632575e-02
0
0
0
0
0
0
0
0
0
0
2.890901e-02
1.421353e-01
2.533205e-01
3.506111e-01
4.286707e-01
4.832178e-01
5.112604e-01
5.112604e-01
4.832178e-01
4.286707e-01
3.506111e-01
2.533205e-01
1.421353e-01
2.890901e-02
0
0
0
0
0
0
0
0
0
0
3.228806e-02
1.460879e-01
2.562518e-01
3.525330e-01
4.297153e-01
4.836172e-01
5.113185e-01
5.113185e-01
4.836172e-01
4.297153e-01
3.525330e-01
2.562518e-01
1.460879e-01
3.228806e-02
0
0
0
0
0
0
0
0
0
0
3.583053e-02
1.499829e-01
2.591365e-01
3.544224e-01
4.307414e-01
4.840094e-01
5.113756e-01
5.113756e-01
4.840094e-01
4.307414e-01
3.544224e-01
2.591365e-01
1.499829e-01
3.583053e-02
0
0
0
0
0
0
0
0
0
0
3.878010e-02
1.530581e-01
2.614112e-01
3.559109e-01
4.315494e-01
4.843180e-01
5.114205e-01
5.114205e-01
4.843180e-01
4.315494e-01
3.559109e-01
2.614112e-01
1.530581e-01
3.878010e-02
0
0
0
0
0
0
0
0
0
0
4.260884e-02
1.568520e-01
2.642141e-01
3.577435e-01
4.325434e-01
4.846976e-01
5.114757e-01
5.114757e-01
4.846976e-01
4.325434e-01
3.577435e-01
2.642141e-01
1.568520e-01
4.260884e-02
0
0
0
0
0
0
0
0
0
0
4.578331e-02
1.598475e-01
2.664247e-01
3.591875e-01
4.333262e-01
4.849964e-01
5.115192e-01
5.115192e-01
4.849964e-01
4.333262e-01
3.591875e-01
2.664247e-01
1.598475e-01
4.578331e-02
0
0
0
0
0
0
0
0
0
0
4.988818e-02
1.635432e-01
2.691488e-01
3.609655e-01
4.342894e-01
4.853640e-01
5.115726e-01
5.115726e-01
4.853640e-01
4.342894e-01
3.609655e-01
2.691488e-01
1.635432e-01
4.988818e-02
0
0
0
0
0
0
0
0
0
0
5.327964e-02
1.664614e-01
2.712974e-01
3.623667e-01
4.350481e-01
4.856534e-01
5.116147e-01
5.116147e-01
4.856534e-01
4.350481e-01
3.623667e-01
2.712974e-01
1.664614e-01
5.327964e-02
0
0
0
0
0
0
0
0
0
0
5.765097e-02
1.700620e-01
2.739455e-01
3.640922e-01
4.359817e-01
4.860094e-01
5.116665e-01
5.116665e-01
4.860094e-01
4.359817e-01
3.640922e-01
2.739455e-01
1.700620e-01
5.765097e-02
0
0
0
0
0
0
0
0
0
6.402096e-05
6.118781e-02
1.729053e-01
2.760343e-01
3.654521e-01
4.367172e-01
4.862897e-01
5.117072e-01
5.117072e-01
4.862897e-01
4.367172e-01
3.654521e-01
2.760343e-01
1.729053e-01
6.118781e-02
6.402096e-05
0
0
0
0
0
0
0
0
3.221913e-04
6.555813e-02
1.764137e-01
2.786090e-01
3.671271e-01
4.376226e-01
4.866346e-01
5.117573e-01
5.117573e-01
4.866346e-01
4.376226e-01
3.671271e-01
2.786090e-01
1.764137e-01
6.555813e-02
3.221913e-04
0
0
0
0
0
0
0
0
6.690575e-04
6.901425e-02
1.791844e-01
2.806402e-01
3.684475e-01
4.383358e-01
4.869063e-01
5.117968e-01
5.117968e-01
4.869063e-01
4.383358e-01
3.684475e-01
2.806402e-01
1.791844e-01
6.901425e-02
6.690575e-04
0
0
0
0
0
0
0
0
1.275171e-03
7.328488e-02
1.826034e-01
2.831441e-01
3.700738e-01
4.392139e-01
4.872406e-01
5.118454e-01
5.118454e-01
4.872406e-01
4.392139e-01
3.700738e-01
2.831441e-01
1.826034e-01
7.328488e-02
1.275171e-03
0
0
0
0
0
0
0
0
1.895948e-03
7.666222e-02
1.853037e-01
2.851196e-01
3.713560e-01
4.399058e-01
4.875040e-01
5.118836e-01
5.118836e-01
4.875040e-01
4.399058e-01
3.713560e-01
2.851196e-01
1.853037e-01
7.666222e-02
1.895948e-03
0
0
0
0
0
0
0
0
2.839020e-03
8.083556e-02
1.886360e-01
2.875551e-01
3.729356e-01
4.407577e-01
4.878281e-01
5.119307e-01
5.119307e-01
4.878281e-01
4.407577e-01
3.729356e-01
2.875551e-01
1.886360e-01
8.083556e-02
2.839020e-03
0
0
0
0
0
0
0
0
3.725107e-03
8.413602e-02
1.912680e-01
2.894769e-01
3.741811e-01
4.414291e-01
4.880834e-01
5.119678e-01
5.119678e-01
4.880834e-01
4.414291e-01
3.741811e-01
2.894769e-01
1.912680e-01
8.413602e-02
3.725107e-03
0
0
0
0
0
0
0
0
4.726415e-03
8.740292e-02
1.938703e-01
2.913754e-01
3.754107e-01
4.420916e-01
4.883354e-01
5.120043e-01
5.120043e-01
4.883354e-01
4.420916e-01
3.754107e-01
2.913754e-01
1.938703e-01
8.740292e-02
4.726415e-03
0
0
0
0
0
0
0
0
6.137614e-03
9.143992e-02
1.970820e-01
2.937162e-01
3.769258e-01
4.429075e-01
4.886455e-01
5.120493e-01
5.120493e-01
4.886455e-01
4.429075e-01
3.769258e-01
2.937162e-01
1.970820e-01
9.143992e-02
6.137614e-03
0
0
0
0
0
0
0
0
7.392281e-03
9.463266e-02
1.996190e-01
2.955636e-01
3.781206e-01
4.435506e-01
4.888899e-01
5.120848e-01
5.120848e-01
4.888899e-01
4.435506e-01
3.781206e-01
2.955636e-01
1.996190e-01
9.463266e-02
7.392281e-03
0
0
0
0
0
0
0
0
9.115193e-03
9.857812e-02
2.027504e-01
2.978417e-01
3.795930e-01
4.443427e-01
4.891908e-01
5.121285e-01
5.121285e-01
4.891908e-01
4.443427e-01
3.795930e-01
2.978417e-01
2.027504e-01
9.857812e-02
9.115193e-03
0
0
0
0
0
0
0
0
1.061530e-02
1.016985e-01
2.052241e-01
2.996397e-01
3.807543e-01
4.449672e-01
4.894279e-01
5.121629e-01
5.121629e-01
4.894279e-01
4.449672e-01
3.807543e-01
2.996397e-01
2.052241e-01
1.016985e-01
1.061530e-02
0
0
0
0
0
0
0
0
1.222203e-02
1.047874e-01
2.076703e-01
3.014163e-01
3.819011e-01
4.455836e-01
4.896619e-01
5.121968e-01
5.121968e-01
4.896619e-01
4.455836e-01
3.819011e-01
3.014163e-01
2.076703e-01
1.047874e-01
1.222203e-02
0
0
0
0
0
0
0
0
1.437810e-02
1.086046e-01
2.106898e-01
3.036075e-01
3.833146e-01
4.463430e-01
4.899501e-01
5.122386e-01
5.122386e-01
4.899501e-01
4.463430e-01
3.833146e-01
3.036075e-01
2.106898e-01
1.086046e-01
1.437810e-02
0
0
0
0
0
0
0
0
1.621931e-02
1.116238e-01
2.130754e-01
3.053371e-01
3.844297e-01
4.469418e-01
4.901773e-01
5.122716e-01
5.122716e-01
4.901773e-01
4.469418e-01
3.844297e-01
3.053371e-01
2.130754e-01
1.116238e-01
1.621931e-02
0
0
0
0
0
0
0
0
1.816238e-02
1.146125e-01
2.154347e-01
3.070464e-01
3.855310e-01
4.475329e-01
4.904016e-01
5.123041e-01
5.123041e-01
4.904016e-01
4.475329e-01
3.855310e-01
3.070464e-01
2.154347e-01
1.146125e-01
1.816238e-02
0
0
0
0
0
0
0
0
2.020591e-02
1.175712e-01
2.177680e-01
3.087356e-01
3.866187e-01
4.481166e-01
4.906229e-01
5.123362e-01
5.123362e-01
4.906229e-01
4.481166e-01
3.866187e-01
3.087356e-01
2.177680e-01
1.175712e-01
2.020591e-02
0
0
0
0
0
0
0
0
2.271096e-02
1.202298e-01
2.188323e-01
3.082608e-01
3.847662e-01
4.451412e-01
4.868547e-01
5.081580e-01
5.081580e-01
4.868547e-01
4.451412e-01
3.847662e-01
3.082608e-01
2.188323e-01
1.202298e-01
2.271096e-02
0
0
0
0
0
0
0
0
2.495682e-02
1.230983e-01
2.210897e-01
3.098924e-01
3.858156e-01
4.457037e-01
4.870679e-01
5.081889e-01
5.081889e-01
4.870679e-01
4.457037e-01
3.858156e-01
3.098924e-01
2.210897e-01
1.230983e-01
2.495682e-02
0
0
0
0
0
0
0
0
2.729787e-02
1.259380e-01
2.233225e-01
3.115051e-01
3.868522e-01
4.462593e-01
4.872784e-01
5.082194e-01
5.082194e-01
4.872784e-01
4.462593e-01
3.868522e-01
3.115051e-01
2.233225e-01
1.259380e-01
2.729787e-02
0
0
0
0
0
0
0
0
2.973285e-02
1.287493e-01
2.255310e-01
3.130991e-01
3.878764e-01
4.468079e-01
4.874862e-01
5.082495e-01
5.082495e-01
4.874862e-01
4.468079e-01
3.878764e-01
3.130991e-01
2.255310e-01
1.287493e-01
2.973285e-02
0
0
0
0
0
0
0
0
3.226047e-02
1.315325e-01
2.277154e-01
3.146747e-01
3.888882e-01
4.473497e-01
4.876914e-01
5.082792e-01
5.082792e-01
4.876914e-01
4.473497e-01
3.888882e-01
3.146747e-01
2.277154e-01
1.315325e-01
3.226047e-02
0
0
0
0
0
0
0
0
3.554824e-02
1.349726e-01
2.304128e-01
3.166188e-01
3.901358e-01
4.480176e-01
4.879443e-01
5.083158e-01
5.083158e-01
4.879443e-01
4.480176e-01
3.901358e-01
3.166188e-01
2.304128e-01
1.349726e-01
3.554824e-02
0
0
0
0
0
0
0
0
3.827961e-02
1.376938e-01
2.325444e-01
3.181540e-01
3.911206e-01
4.485445e-01
4.881437e-01
5.083447e-01
5.083447e-01
4.881437e-01
4.485445e-01
3.911206e-01
3.181540e-01
2.325444e-01
1.376938e-01
3.827961e-02
0
0
0
0
0
0
0
0
4.109953e-02
1.403880e-01
2.346531e-01
3.196717e-01
3.920936e-01
4.490649e-01
4.883407e-01
5.083732e-01
5.083732e-01
4.883407e-01
4.490649e-01
3.920936e-01
3.196717e-01
2.346531e-01
1.403880e-01
4.109953e-02
0
0
0
0
0
0
0
0
4.400677e-02
1.430554e-01
2.367392e-01
3.211722e-01
3.930551e-01
4.495790e-01
4.885352e-01
5.084014e-01
5.084014e-01
4.885352e-01
4.495790e-01
3.930551e-01
3.211722e-01
2.367392e-01
1.430554e-01
4.400677e-02
0
0
0
0
0
0
0
0
4.700020e-02
1.456964e-01
2.388029e-01
3.226556e-01
3.940052e-01
4.500868e-01
4.887273e-01
5.084292e-01
5.084292e-01
4.887273e-01
4.500868e-01
3.940052e-01
3.226556e-01
2.388029e-01
1.456964e-01
4.700020e-02
0
0
0
0
0
0
0
0
4.930114e-02
1.476601e-01
2.403362e-01
3.237571e-01
3.947104e-01
4.504636e-01
4.888698e-01
5.084499e-01
5.084499e-01
4.888698e-01
4.504636e-01
3.947104e-01
3.237571e-01
2.403362e-01
1.476601e-01
4.930114e-02
0
0
0
0
0
0
0
3.130214e-05
5.241120e-02
1.502556e-01
2.423615e-01
3.252114e-01
3.956411e-01
4.509608e-01
4.890577e-01
5.084771e-01
5.084771e-01
4.890577e-01
4.509608e-01
3.956411e-01
3.252114e-01
2.423615e-01
1.502556e-01
5.241120e-02
3.130214e-05
0
0
0
0
0
0
1.248192e-04
5.472825e-02
1.521854e-01
2.438663e-01
3.262913e-01
3.963319e-01
4.513297e-01
4.891972e-01
5.084973e-01
5.084973e-01
4.891972e-01
4.513297e-01
3.963319e-01
3.262913e-01
2.438663e-01
1.521854e-01
5.472825e-02
1.248192e-04
0
0
0
0
0
0
3.452833e-04
5.779367e-02
1.547363e-01
2.458541e-01
3.277171e-01
3.972436e-01
4.518164e-01
4.893812e-01
5.085239e-01
5.085239e-01
4.893812e-01
4.518164e-01
3.972436e-01
3.277171e-01
2.458541e-01
1.547363e-01
5.779367e-02
3.452833e-04
0
0
0
0
0
0
6.739621e-04
6.083191e-02
1.572622e-01
2.478209e-01
3.291270e-01
3.981447e-01
4.522973e-01
4.895629e-01
5.085502e-01
5.085502e-01
4.895629e-01
4.522973e-01
3.981447e-01
3.291270e-01
2.478209e-01
1.572622e-01
6.083191e-02
6.739621e-04
0
0
0
0
0
0
1.109522e-03
6.384321e-02
1.597632e-01
2.497669e-01
3.305211e-01
3.990354e-01
4.527725e-01
4.897425e-01
5.085762e-01
5.085762e-01
4.897425e-01
4.527725e-01
3.990354e-01
3.305211e-01
2.497669e-01
1.597632e-01
6.384321e-02
1.109522e-03
0
0
0
0
0
0
1.505516e-03
6.608417e-02
1.616229e-01
2.512129e-01
3.315565e-01
3.996966e-01
4.531252e-01
4.898757e-01
5.085954e-01
5.085954e-01
4.898757e-01
4.531252e-01
3.996966e-01
3.315565e-01
2.512129e-01
1.616229e-01
6.608417e-02
1.505516e-03
0
0
0
0
0
0
1.960338e-03
6.831022e-02
1.634690e-01
2.526475e-01
3.325834e-01
4.003522e-01
4.534748e-01
4.900077e-01
5.086145e-01
5.086145e-01
4.900077e-01
4.534748e-01
4.003522e-01
3.325834e-01
2.526475e-01
1.634690e-01
6.831022e-02
1.960338e-03
0
0
0
0
0
0
2.657325e-03
7.125529e-02
1.659093e-01
2.545428e-01
3.339392e-01
4.012174e-01
4.539360e-01
4.901819e-01
5.086397e-01
5.086397e-01
4.901819e-01
4.539360e-01
4.012174e-01
3.339392e-01
2.545428e-01
1.659093e-01
7.125529e-02
2.657325e-03
0
0
0
0
0
0
3.456625e-03
7.417429e-02
1.683259e-01
2.564182e-01
3.352801e-01
4.020728e-01
4.543919e-01
4.903540e-01
5.086646e-01
5.086646e-01
4.903540e-01
4.543919e-01
4.020728e-01
3.352801e-01
2.564182e-01
1.683259e-01
7.417429e-02
3.456625e-03
0
0
0
0
0
0
3.894254e-03
7.562409e-02
1.695253e-01
2.573486e-01
3.359450e-01
4.024968e-01
4.546178e-01
4.904393e-01
5.086770e-01
5.086770e-01
4.904393e-01
4.546178e-01
4.024968e-01
3.359450e-01
2.573486e-01
1.695253e-01
7.562409e-02
3.894254e-03
0
0
0
0
0
0
4.844668e-03
7.850446e-02
1.719067e-01
2.591948e-01
3.372640e-01
4.033376e-01
4.550657e-01
4.906083e-01
5.087014e-01
5.087014e-01
4.906083e-01
4.550657e-01
4.033376e-01
3.372640e-01
2.591948e-01
1.719067e-01
7.850446e-02
4.844668e-03
0
0
0
0
0
0
5.894280e-03
8.135937e-02
1.742650e-01
2.610218e-01
3.385684e-01
4.041689e-01
4.555083e-01
4.907754e-01
5.087256e-01
5.087256e-01
4.907754e-01
4.555083e-01
4.041689e-01
3.385684e-01
2.610218e-01
1.742650e-01
8.135937e-02
5.894280e-03
0
0
0
0
0
0
6.455902e-03
8.277736e-02
1.754356e-01
2.619281e-01
3.392154e-01
4.045810e-01
4.557278e-01
4.908582e-01
5.087375e-01
5.087375e-01
4.908582e-01
4.557278e-01
4.045810e-01
3.392154e-01
2.619281e-01
1.754356e-01
8.277736e-02
6.455902e-03
0
0
0
0
0
0
7.343948e-03
8.489259e-02
1.771808e-01
2.632789e-01
3.401791e-01
4.051948e-01
4.560545e-01
4.909814e-01
5.087554e-01
5.087554e-01
4.909814e-01
4.560545e-01
4.051948e-01
3.401791e-01
2.632789e-01
1.771808e-01
8.489259e-02
7.343948e-03
0
0
0
0
0
0
8.612288e-03
8.769112e-02
1.794880e-01
2.650636e-01
3.414519e-01
4.060051e-01
4.564857e-01
4.911441e-01
5.087789e-01
5.087789e-01
4.911441e-01
4.564857e-01
4.060051e-01
3.414519e-01
2.650636e-01
1.794880e-01
8.769112e-02
8.612288e-03
0
0
0
0
0
0
9.282281e-03
8.908112e-02
1.806333e-01
2.659491e-01
3.420831e-01
4.064068e-01
4.566995e-01
4.912247e-01
5.087905e-01
5.087905e-01
4.912247e-01
4.566995e-01
4.064068e-01
3.420831e-01
2.659491e-01
1.806333e-01
8.908112e-02
9.282281e-03
0
0
0
0
0
0
1.069314e-02
9.184273e-02
1.829072e-01
2.677064e-01
3.433354e-01
4.072036e-01
4.571233e-01
4.913845e-01
5.088136e-01
5.088136e-01
4.913845e-01
4.571233e-01
4.072036e-01
3.433354e-01
2.677064e-01
1.829072e-01
9.184273e-02
1.069314e-02
0
0
0
0
0
0
1.143373e-02
9.321440e-02
1.840360e-01
2.685782e-01
3.439564e-01
4.075986e-01
4.573334e-01
4.914637e-01
5.088251e-01
5.088251e-01
4.914637e-01
4.573334e-01
4.075986e-01
3.439564e-01
2.685782e-01
1.840360e-01
9.321440e-02
1.143373e-02
0
0
0
0
0
0
1.258811e-02
9.526057e-02
1.857190e-01
2.698776e-01
3.448817e-01
4.081871e-01
4.576463e-01
4.915817e-01
5.088421e-01
5.088421e-01
4.915817e-01
4.576463e-01
4.081871e-01
3.448817e-01
2.698776e-01
1.857190e-01
9.526057e-02
1.258811e-02
0
0
0
0
0
0
1.338653e-02
9.661718e-02
1.868342e-01
2.707383e-01
3.454944e-01
4.085766e-01
4.578534e-01
4.916598e-01
5.088534e-01
5.088534e-01
4.916598e-01
4.578534e-01
4.085766e-01
3.454944e-01
2.707383e-01
1.868342e-01
9.661718e-02
1.338653e-02
0
0
0
0
0
0
1.437664e-02
9.913176e-02
1.901771e-01
2.748214e-01
3.502159e-01
4.138229e-01
4.635015e-01
4.975797e-01
5.149105e-01
5.149105e-01
4.975797e-01
4.635015e-01
4.138229e-01
3.502159e-01
2.748214e-01
1.901771e-01
9.913176e-02
1.437664e-02
0
0
0
0
0
0
1.566633e-02
1.011705e-01
1.918516e-01
2.761129e-01
3.511347e-01
4.144068e-01
4.638119e-01
4.976967e-01
5.149274e-01
5.149274e-01
4.976967e-01
4.638119e-01
4.144068e-01
3.511347e-01
2.761129e-01
1.918516e-01
1.011705e-01
1.566633e-02
0
0
0
0
0
0
1.655468e-02
1.025222e-01
1.929612e-01
2.769683e-01
3.517432e-01
4.147934e-01
4.640173e-01
4.977741e-01
5.149386e-01
5.149386e-01
4.977741e-01
4.640173e-01
4.147934e-01
3.517432e-01
2.769683e-01
1.929612e-01
1.025222e-01
1.655468e-02
0
0
0
0
0
0
1.746570e-02
1.038679e-01
1.940656e-01
2.778194e-01
3.523484e-01
4.151779e-01
4.642216e-01
4.978511e-01
5.149497e-01
5.149497e-01
4.978511e-01
4.642216e-01
4.151779e-01
3.523484e-01
2.778194e-01
1.940656e-01
1.038679e-01
1.746570e-02
0
0
0
0
0
0
1.839922e-02
1.052078e-01
1.951647e-01
2.786662e-01
3.529504e-01
4.155602e-01
4.644247e-01
4.979276e-01
5.149607e-01
5.149607e-01
4.979276e-01
4.644247e-01
4.155602e-01
3.529504e-01
2.786662e-01
1.951647e-01
1.052078e-01
1.839922e-02
0
0
0
0
0
0
1.935516e-02
1.065417e-01
1.962585e-01
2.795087e-01
3.535492e-01
4.159404e-01
4.646267e-01
4.980037e-01
5.149717e-01
5.149717e-01
4.980037e-01
4.646267e-01
4.159404e-01
3.535492e-01
2.795087e-01
1.962585e-01
1.065417e-01
1.935516e-02
0
0
0
0
0
0
1.984147e-02
1.072065e-01
1.968034e-01
2.799283e-01
3.538474e-01
4.161298e-01
4.647272e-01
4.980416e-01
5.149772e-01
5.149772e-01
4.980416e-01
4.647272e-01
4.161298e-01
3.538474e-01
2.799283e-01
1.968034e-01
1.072065e-01
1.984147e-02
0
0
0
0
0
0
2.083073e-02
1.085316e-01
1.978894e-01
2.807644e-01
3.544414e-01
4.165069e-01
4.649275e-01
4.981170e-01
5.149881e-01
5.149881e-01
4.981170e-01
4.649275e-01
4.165069e-01
3.544414e-01
2.807644e-01
1.978894e-01
1.085316e-01
2.083073e-02
0
0
0
0
0
0
2.184204e-02
1.098510e-01
1.989703e-01
2.815962e-01
3.550323e-01
4.168819e-01
4.651266e-01
4.981920e-01
5.149989e-01
5.149989e-01
4.981920e-01
4.651266e-01
4.168819e-01
3.550323e-01
2.815962e-01
1.989703e-01
1.098510e-01
2.184204e-02
0
0
0
0
0
0
2.235593e-02
1.105085e-01
1.995088e-01
2.820105e-01
3.553265e-01
4.170686e-01
4.652258e-01
4.982293e-01
5.150043e-01
5.150043e-01
4.982293e-01
4.652258e-01
4.170686e-01
3.553265e-01
2.820105e-01
1.995088e-01
1.105085e-01
2.235593e-02
0
0
0
0
0
0
2.340006e-02
1.118192e-01
2.005819e-01
2.828361e-01
3.559127e-01
4.174406e-01
4.654233e-01
4.983037e-01
5.150151e-01
5.150151e-01
4.983037e-01
4.654233e-01
4.174406e-01
3.559127e-01
2.828361e-01
2.005819e-01
1.118192e-01
2.340006e-02
0
0
0
0
0
0
2.393028e-02
1.124723e-01
2.011165e-01
2.832473e-01
3.562047e-01
4.176258e-01
4.655216e-01
4.983407e-01
5.150204e-01
5.150204e-01
4.983407e-01
4.655216e-01
4.176258e-01
3.562047e-01
2.832473e-01
2.011165e-01
1.124723e-01
2.393028e-02
0
0
0
0
0
0
2.500699e-02
1.137744e-01
2.021820e-01
2.840666e-01
3.567862e-01
4.179948e-01
4.657174e-01
4.984145e-01
5.150311e-01
5.150311e-01
4.984145e-01
4.657174e-01
4.179948e-01
3.567862e-01
2.840666e-01
2.021820e-01
1.137744e-01
2.500699e-02
0
0
0
0
0
0
2.500699e-02
1.137744e-01
2.021820e-01
2.840666e-01
3.567862e-01
4.179948e-01
4.657174e-01
4.984145e-01
5.150311e-01
5.150311e-01
4.984145e-01
4.657174e-01
4.179948e-01
3.567862e-01
2.840666e-01
2.021820e-01
1.137744e-01
2.500699e-02
0
0
0
0
0
0
2.555335e-02
1.144233e-01
2.027129e-01
2.844747e-01
3.570758e-01
4.181785e-01
4.658149e-01
4.984512e-01
5.150364e-01
5.150364e-01
4.984512e-01
4.658149e-01
4.181785e-01
3.570758e-01
2.844747e-01
2.027129e-01
1.144233e-01
2.555335e-02
0
0
0
0
0
0
2.610513e-02
1.150708e-01
2.032425e-01
2.848818e-01
3.573647e-01
4.183617e-01
4.659121e-01
4.984878e-01
5.150417e-01
5.150417e-01
4.984878e-01
4.659121e-01
4.183617e-01
3.573647e-01
2.848818e-01
2.032425e-01
1.150708e-01
2.610513e-02
0
0
0
0
0
0
2.610513e-02
1.150708e-01
2.032425e-01
2.848818e-01
3.573647e-01
4.183617e-01
4.659121e-01
4.984878e-01
5.150417e-01
5.150417e-01
4.984878e-01
4.659121e-01
4.183617e-01
3.573647e-01
2.848818e-01
2.032425e-01
1.150708e-01
2.610513e-02
0
0
0
0
0
0
2.666224e-02
1.157169e-01
2.037708e-01
2.852878e-01
3.576528e-01
4.185444e-01
4.660091e-01
4.985243e-01
5.150469e-01
5.150469e-01
4.985243e-01
4.660091e-01
4.185444e-01
3.576528e-01
2.852878e-01
2.037708e-01
1.157169e-01
2.666224e-02
0
0
0
0
0
0
2.666224e-02
1.157169e-01
2.037708e-01
2.852878e-01
3.576528e-01
4.185444e-01
4.660091e-01
4.985243e-01
5.150469e-01
5.150469e-01
4.985243e-01
4.660091e-01
4.185444e-01
3.576528e-01
2.852878e-01
2.037708e-01
1.157169e-01
2.666224e-02
0
0
0
0
0
0
2.666224e-02
1.157169e-01
2.037708e-01
2.852878e-01
3.576528e-01
4.185444e-01
4.660091e-01
4.985243e-01
5.150469e-01
5.150469e-01
4.985243e-01
4.660091e-01
4.185444e-01
3.576528e-01
2.852878e-01
2.037708e-01
1.157169e-01
2.666224e-02
0
0
0
0
0
0
2.666224e-02
1.157169e-01
2.037708e-01
2.852878e-01
3.576528e-01
4.185444e-01
4.660091e-01
4.985243e-01
5.150469e-01
5.150469e-01
4.985243e-01
4.660091e-01
4.185444e-01
3.576528e-01
2.852878e-01
2.037708e-01
1.157169e-01
2.666224e-02
0
0
0
0
0
0
2.722470e-02
1.163615e-01
2.042979e-01
2.856928e-01
3.579402e-01
4.187266e-01
4.661058e-01
4.985607e-01
5.150522e-01
5.150522e-01
4.985607e-01
4.661058e-01
4.187266e-01
3.579402e-01
2.856928e-01
2.042979e-01
1.163615e-01
2.722470e-02
0
0
0
0
0
0
2.722470e-02
1.163615e-01
2.042979e-01
2.856928e-01
3.579402e-01
4.187266e-01
4.661058e-01
4.985607e-01
5.150522e-01
5.150522e-01
4.985607e-01
4.661058e-01
4.187266e-01
3.579402e-01
2.856928e-01
2.042979e-01
1.163615e-01
2.722470e-02
0
0
0
0
0
0
2.666224e-02
1.157169e-01
2.037708e-01
2.852878e-01
3.576528e-01
4.185444e-01
4.660091e-01
4.985243e-01
5.150469e-01
5.150469e-01
4.985243e-01
4.660091e-01
4.185444e-01
3.576528e-01
2.852878e-01
2.037708e-01
1.157169e-01
2.666224e-02
0
0
0
0
0
0
2.666224e-02
1.157169e-01
2.037708e-01
2.852878e-01
3.576528e-01
4.185444e-01
4.660091e-01
4.985243e-01
5.150469e-01
5.150469e-01
4.985243e-01
4.660091e-01
4.185444e-01
3.576528e-01
2.852878e-01
2.037708e-01
1.157169e-01
2.666224e-02
0
0
0
0
0
0
2.610513e-02
1.150708e-01
2.032425e-01
2.848818e-01
3.573647e-01
4.183617e-01
4.659121e-01
4.984878e-01
5.150417e-01
5.150417e-01
4.984878e-01
4.659121e-01
4.183617e-01
3.573647e-01
2.848818e-01
2.032425e-01
1.150708e-01
2.610513e-02
0
0
0
0
0
0
2.555335e-02
1.144233e-01
2.027129e-01
2.844747e-01
3.570758e-01
4.181785e-01
4.658149e-01
4.984512e-01
5.150364e-01
5.150364e-01
4.984512e-01
4.658149e-01
4.181785e-01
3.570758e-01
2.844747e-01
2.027129e-01
1.144233e-01
2.555335e-02
0
0
0
0
0
0
2.500699e-02
1.137744e-01
2.021820e-01
2.840666e-01
3.567862e-01
4.179948e-01
4.657174e-01
4.984145e-01
5.150311e-01
5.150311e-01
4.984145e-01
4.657174e-01
4.179948e-01
3.567862e-01
2.840666e-01
2.021820e-01
1.137744e-01
2.500699e-02
0
0
0
0
0
0
2.500699e-02
1.137744e-01
2.021820e-01
2.840666e-01
3.567862e-01
4.179948e-01
4.657174e-01
4.984145e-01
5.150311e-01
5.150311e-01
4.984145e-01
4.657174e-01
4.179948e-01
3.567862e-01
2.840666e-01
2.021820e-01
1.137744e-01
2.500699e-02
0
0
0
0
0
0
2.446591e-02
1.131241e-01
2.016499e-01
2.836574e-01
3.564958e-01
4.178105e-01
4.656196e-01
4.983777e-01
5.150258e-01
5.150258e-01
4.983777e-01
4.656196e-01
4.178105e-01
3.564958e-01
2.836574e-01
2.016499e-01
1.131241e-01
2.446591e-02
0
0
0
0
0
0
2.393979e-02
1.143983e-01
2.052084e-01
2.893599e-01
3.641221e-01
4.270691e-01
4.761585e-01
5.097974e-01
5.268942e-01
5.268942e-01
5.097974e-01
4.761585e-01
4.270691e-01
3.641221e-01
2.893599e-01
2.052084e-01
1.143983e-01
2.393979e-02
0
0
0
0
0
0
2.340289e-02
1.137286e-01
2.046601e-01
2.889381e-01
3.638226e-01
4.268791e-01
4.760576e-01
5.097594e-01
5.268887e-01
5.268887e-01
5.097594e-01
4.760576e-01
4.268791e-01
3.638226e-01
2.889381e-01
2.046601e-01
1.137286e-01
2.340289e-02
0
0
0
0
0
0
2.287158e-02
1.130574e-01
2.041105e-01
2.885153e-01
3.635223e-01
4.266886e-01
4.759565e-01
5.097213e-01
5.268832e-01
5.268832e-01
5.097213e-01
4.759565e-01
4.266886e-01
3.635223e-01
2.885153e-01
2.041105e-01
1.130574e-01
2.287158e-02
0
0
0
0
0
0
2.234584e-02
1.123848e-01
2.035596e-01
2.880914e-01
3.632213e-01
4.264975e-01
4.758551e-01
5.096831e-01
5.268777e-01
5.268777e-01
5.096831e-01
4.758551e-01
4.264975e-01
3.632213e-01
2.880914e-01
2.035596e-01
1.123848e-01
2.234584e-02
0
0
0
0
0
0
2.131120e-02
1.110350e-01
2.024539e-01
2.872404e-01
3.626168e-01
4.261138e-01
4.756513e-01
5.096064e-01
5.268666e-01
5.268666e-01
5.096064e-01
4.756513e-01
4.261138e-01
3.626168e-01
2.872404e-01
2.024539e-01
1.110350e-01
2.131120e-02
0
0
0
0
0
0
2.029912e-02
1.096792e-01
2.013428e-01
2.863850e-01
3.620091e-01
4.257280e-01
4.754464e-01
5.095292e-01
5.268555e-01
5.268555e-01
5.095292e-01
4.754464e-01
4.257280e-01
3.620091e-01
2.863850e-01
2.013428e-01
1.096792e-01
2.029912e-02
0
0
0
0
0
0
1.930974e-02
1.083175e-01
2.002264e-01
2.855253e-01
3.613981e-01
4.253401e-01
4.752404e-01
5.094516e-01
5.268442e-01
5.268442e-01
5.094516e-01
4.752404e-01
4.253401e-01
3.613981e-01
2.855253e-01
2.002264e-01
1.083175e-01
1.930974e-02
0
0
0
0
0
0
1.834321e-02
1.069498e-01
1.991047e-01
2.846612e-01
3.607839e-01
4.249500e-01
4.750332e-01
5.093735e-01
5.268330e-01
5.268330e-01
5.093735e-01
4.750332e-01
4.249500e-01
3.607839e-01
2.846612e-01
1.991047e-01
1.069498e-01
1.834321e-02
0
0
0
0
0
0
1.739964e-02
1.055761e-01
1.979776e-01
2.837927e-01
3.601664e-01
4.245578e-01
4.748248e-01
5.092950e-01
5.268216e-01
5.268216e-01
5.092950e-01
4.748248e-01
4.245578e-01
3.601664e-01
2.837927e-01
1.979776e-01
1.055761e-01
1.739964e-02
0
0
0
0
0
0
1.647920e-02
1.041962e-01
1.968451e-01
2.829197e-01
3.595455e-01
4.241634e-01
4.746152e-01
5.092160e-01
5.268102e-01
5.268102e-01
5.092160e-01
4.746152e-01
4.241634e-01
3.595455e-01
2.829197e-01
1.968451e-01
1.041962e-01
1.647920e-02
0
0
0
0
0
0
1.558201e-02
1.028103e-01
1.957071e-01
2.820423e-01
3.589214e-01
4.237668e-01
4.744044e-01
5.091366e-01
5.267987e-01
5.267987e-01
5.091366e-01
4.744044e-01
4.237668e-01
3.589214e-01
2.820423e-01
1.957071e-01
1.028103e-01
1.558201e-02
0
0
0
0
0
0
1.428017e-02
1.007200e-01
1.939898e-01
2.807177e-01
3.579788e-01
4.231677e-01
4.740860e-01
5.090166e-01
5.267814e-01
5.267814e-01
5.090166e-01
4.740860e-01
4.231677e-01
3.579788e-01
2.807177e-01
1.939898e-01
1.007200e-01
1.428017e-02
0
0
0
0
0
0
1.303147e-02
9.861571e-02
1.922601e-01
2.793829e-01
3.570287e-01
4.225637e-01
4.737649e-01
5.088955e-01
5.267639e-01
5.267639e-01
5.088955e-01
4.737649e-01
4.225637e-01
3.570287e-01
2.793829e-01
1.922601e-01
9.861571e-02
1.303147e-02
0
0
0
0
0
0
1.222878e-02
9.720511e-02
1.911000e-01
2.784872e-01
3.563909e-01
4.221581e-01
4.735493e-01
5.088142e-01
5.267521e-01
5.267521e-01
5.088142e-01
4.735493e-01
4.221581e-01
3.563909e-01
2.784872e-01
1.911000e-01
9.720511e-02
1.222878e-02
0
0
0
0
0
0
1.106976e-02
9.507749e-02
1.893493e-01
2.771351e-01
3.554278e-01
4.215456e-01
4.732235e-01
5.086914e-01
5.267344e-01
5.267344e-01
5.086914e-01
4.732235e-01
4.215456e-01
3.554278e-01
2.771351e-01
1.893493e-01
9.507749e-02
1.106976e-02
0
0
0
0
0
0
1.032730e-02
9.365121e-02
1.881752e-01
2.762279e-01
3.547814e-01
4.211343e-01
4.730047e-01
5.086089e-01
5.267225e-01
5.267225e-01
5.086089e-01
4.730047e-01
4.211343e-01
3.547814e-01
2.762279e-01
1.881752e-01
9.365121e-02
1.032730e-02
0
0
0
0
0
0
8.915619e-03
9.077966e-02
1.858097e-01
2.743993e-01
3.534781e-01
4.203048e-01
4.725634e-01
5.084425e-01
5.266984e-01
5.266984e-01
5.084425e-01
4.725634e-01
4.203048e-01
3.534781e-01
2.743993e-01
1.858097e-01
9.077966e-02
8.915619e-03
0
0
0
0
0
0
8.246702e-03
8.933432e-02
1.846183e-01
2.734779e-01
3.528210e-01
4.198866e-01
4.723409e-01
5.083585e-01
5.266863e-01
5.266863e-01
5.083585e-01
4.723409e-01
4.198866e-01
3.528210e-01
2.734779e-01
1.846183e-01
8.933432e-02
8.246702e-03
0
0
0
0
0
0
6.983446e-03
8.642436e-02
1.822182e-01
2.716207e-01
3.514962e-01
4.190430e-01
4.718918e-01
5.081892e-01
5.266618e-01
5.266618e-01
5.081892e-01
4.718918e-01
4.190430e-01
3.514962e-01
2.716207e-01
1.822182e-01
8.642436e-02
6.983446e-03
0
0
0
0
0
0
6.389420e-03
8.495968e-02
1.810094e-01
2.706849e-01
3.508283e-01
4.186176e-01
4.716654e-01
5.081037e-01
5.266494e-01
5.266494e-01
5.081037e-01
4.716654e-01
4.186176e-01
3.508283e-01
2.706849e-01
1.810094e-01
8.495968e-02
6.389420e-03
0
0
0
0
0
0
5.277367e-03
8.201076e-02
1.785740e-01
2.687984e-01
3.494816e-01
4.177595e-01
4.712084e-01
5.079313e-01
5.266245e-01
5.266245e-01
5.079313e-01
4.712084e-01
4.177595e-01
3.494816e-01
2.687984e-01
1.785740e-01
8.201076e-02
5.277367e-03
0
0
0
0
0
0
4.510438e-03
7.978184e-02
1.767318e-01
2.673707e-01
3.484618e-01
4.171094e-01
4.708622e-01
5.078006e-01
5.266056e-01
5.266056e-01
5.078006e-01
4.708622e-01
4.171094e-01
3.484618e-01
2.673707e-01
1.767318e-01
7.978184e-02
4.510438e-03
0
0
0
0
0
0
3.801628e-03
7.753802e-02
1.748760e-01
2.659316e-01
3.474335e-01
4.164538e-01
4.705129e-01
5.076688e-01
5.265865e-01
5.265865e-01
5.076688e-01
4.705129e-01
4.164538e-01
3.474335e-01
2.659316e-01
1.748760e-01
7.753802e-02
3.801628e-03
0
0
0
0
0
0
3.151484e-03
7.527921e-02
1.730067e-01
2.644812e-01
3.463967e-01
4.157926e-01
4.701606e-01
5.075358e-01
5.265673e-01
5.265673e-01
5.075358e-01
4.701606e-01
4.157926e-01
3.463967e-01
2.644812e-01
1.730067e-01
7.527921e-02
3.151484e-03
0
0
0
0
0
0
2.376827e-03
7.224394e-02
1.704927e-01
2.625295e-01
3.450009e-01
4.149020e-01
4.696859e-01
5.073565e-01
5.265413e-01
5.265413e-01
5.073565e-01
4.696859e-01
4.149020e-01
3.450009e-01
2.625295e-01
1.704927e-01
7.224394e-02
2.376827e-03
0
0
0
0
0
0
1.865705e-03
6.994971e-02
1.685910e-01
2.610522e-01
3.439438e-01
4.142273e-01
4.693262e-01
5.072207e-01
5.265217e-01
5.265217e-01
5.072207e-01
4.693262e-01
4.142273e-01
3.439438e-01
2.610522e-01
1.685910e-01
6.994971e-02
1.865705e-03
0
0
0
0
0
0
1.278441e-03
6.686683e-02
1.660335e-01
2.590641e-01
3.425206e-01
4.133185e-01
4.688415e-01
5.070376e-01
5.264952e-01
5.264952e-01
5.070376e-01
4.688415e-01
4.133185e-01
3.425206e-01
2.590641e-01
1.660335e-01
6.686683e-02
1.278441e-03
0
0
0
0
0
0
9.094019e-04
6.453660e-02
1.640988e-01
2.575592e-01
3.414426e-01
4.126300e-01
4.684742e-01
5.068988e-01
5.264751e-01
5.264751e-01
5.068988e-01
4.684742e-01
4.126300e-01
3.414426e-01
2.575592e-01
1.640988e-01
6.453660e-02
9.094019e-04
0
0
0
0
0
0
5.136563e-04
6.140532e-02
1.614969e-01
2.555340e-01
3.399913e-01
4.117026e-01
4.679793e-01
5.067119e-01
5.264481e-01
5.264481e-01
5.067119e-01
4.679793e-01
4.117026e-01
3.399913e-01
2.555340e-01
1.614969e-01
6.140532e-02
5.136563e-04
0
0
0
0
0
0
2.898299e-04
5.903850e-02
1.595285e-01
2.540009e-01
3.388921e-01
4.109999e-01
4.676043e-01
5.065701e-01
5.264276e-01
5.264276e-01
5.065701e-01
4.676043e-01
4.109999e-01
3.388921e-01
2.540009e-01
1.595285e-01
5.903850e-02
2.898299e-04
0
0
0
0
0
0
8.982558e-05
5.585804e-02
1.568812e-01
2.519376e-01
3.374119e-01
4.100533e-01
4.670989e-01
5.063791e-01
5.263999e-01
5.263999e-01
5.063791e-01
4.670989e-01
4.100533e-01
3.374119e-01
2.519376e-01
1.568812e-01
5.585804e-02
8.982558e-05
0
0
0
0
0
0
3.505932e-06
5.115947e-02
1.498444e-01
2.427828e-01
3.264106e-01
3.975206e-01
4.533857e-01
4.918637e-01
5.114788e-01
5.114788e-01
4.918637e-01
4.533857e-01
3.975206e-01
3.264106e-01
2.427828e-01
1.498444e-01
5.115947e-02
3.505932e-06
0
0
0
0
0
0
0
4.804512e-02
1.472205e-01
2.407345e-01
3.249394e-01
3.965789e-01
4.528826e-01
4.916734e-01
5.114512e-01
5.114512e-01
4.916734e-01
4.528826e-01
3.965789e-01
3.249394e-01
2.407345e-01
1.472205e-01
4.804512e-02
0
0
0
0
0
0
0
0
4.501244e-02
1.445704e-01
2.386642e-01
3.234514e-01
3.956259e-01
4.523733e-01
4.914808e-01
5.114233e-01
5.114233e-01
4.914808e-01
4.523733e-01
3.956259e-01
3.234514e-01
2.386642e-01
1.445704e-01
4.501244e-02
0
0
0
0
0
0
0
0
4.206617e-02
1.418938e-01
2.365714e-01
3.219464e-01
3.946616e-01
4.518578e-01
4.912857e-01
5.113951e-01
5.113951e-01
4.912857e-01
4.518578e-01
3.946616e-01
3.219464e-01
2.365714e-01
1.418938e-01
4.206617e-02
0
0
0
0
0
0
0
0
3.991386e-02
1.398688e-01
2.349869e-01
3.208063e-01
3.939308e-01
4.514670e-01
4.911378e-01
5.113737e-01
5.113737e-01
4.911378e-01
4.514670e-01
3.939308e-01
3.208063e-01
2.349869e-01
1.398688e-01
3.991386e-02
0
0
0
0
0
0
0
0
3.712162e-02
1.371451e-01
2.328542e-01
3.192708e-01
3.929462e-01
4.509402e-01
4.909385e-01
5.113448e-01
5.113448e-01
4.909385e-01
4.509402e-01
3.929462e-01
3.192708e-01
2.328542e-01
1.371451e-01
3.712162e-02
0
0
0
0
0
0
0
0
3.441905e-02
1.343940e-01
2.306982e-01
3.177175e-01
3.919496e-01
4.504069e-01
4.907366e-01
5.113156e-01
5.113156e-01
4.907366e-01
4.504069e-01
3.919496e-01
3.177175e-01
2.306982e-01
1.343940e-01
3.441905e-02
0
0
0
0
0
0
0
0
3.180744e-02
1.316152e-01
2.285187e-01
3.161463e-01
3.909410e-01
4.498669e-01
4.905321e-01
5.112859e-01
5.112859e-01
4.905321e-01
4.498669e-01
3.909410e-01
3.161463e-01
2.285187e-01
1.316152e-01
3.180744e-02
0
0
0
0
0
0
0
0
2.928803e-02
1.288085e-01
2.263153e-01
3.145567e-01
3.899201e-01
4.493202e-01
4.903251e-01
5.112559e-01
5.112559e-01
4.903251e-01
4.493202e-01
3.899201e-01
3.145567e-01
2.263153e-01
1.288085e-01
2.928803e-02
0
0
0
0
0
0
0
0
2.627039e-02
1.252601e-01
2.235269e-01
3.125436e-01
3.886265e-01
4.486271e-01
4.900625e-01
5.112179e-01
5.112179e-01
4.900625e-01
4.486271e-01
3.886265e-01
3.125436e-01
2.235269e-01
1.252601e-01
2.627039e-02
0
0
0
0
0
0
0
0
2.396321e-02
1.223892e-01
2.212686e-01
3.109119e-01
3.875773e-01
4.480648e-01
4.898494e-01
5.111870e-01
5.111870e-01
4.898494e-01
4.480648e-01
3.875773e-01
3.109119e-01
2.212686e-01
1.223892e-01
2.396321e-02
0
0
0
0
0
0
0
0
2.175240e-02
1.194892e-01
2.189852e-01
3.092609e-01
3.865152e-01
4.474953e-01
4.896335e-01
5.111557e-01
5.111557e-01
4.896335e-01
4.474953e-01
3.865152e-01
3.092609e-01
2.189852e-01
1.194892e-01
2.175240e-02
0
0
0
0
0
0
0
0
1.963944e-02
1.165597e-01
2.166766e-01
3.075905e-01
3.854400e-01
4.469185e-01
4.894148e-01
5.111240e-01
5.111240e-01
4.894148e-01
4.469185e-01
3.854400e-01
3.075905e-01
2.166766e-01
1.165597e-01
1.963944e-02
0
0
0
0
0
0
0
0
1.713782e-02
1.128561e-01
2.137547e-01
3.054746e-01
3.840772e-01
4.461871e-01
4.891374e-01
5.110838e-01
5.110838e-01
4.891374e-01
4.461871e-01
3.840772e-01
3.054746e-01
2.137547e-01
1.128561e-01
1.713782e-02
0
0
0
0
0
0
0
0
1.571239e-02
1.106113e-01
2.119821e-01
3.041900e-01
3.832493e-01
4.457427e-01
4.889688e-01
5.110594e-01
5.110594e-01
4.889688e-01
4.457427e-01
3.832493e-01
3.041900e-01
2.119821e-01
1.106113e-01
1.571239e-02
0
0
0
0
0
0
0
0
1.390115e-02
1.075916e-01
2.095955e-01
3.024593e-01
3.821334e-01
4.451434e-01
4.887414e-01
5.110264e-01
5.110264e-01
4.887414e-01
4.451434e-01
3.821334e-01
3.024593e-01
2.095955e-01
1.075916e-01
1.390115e-02
0
0
0
0
0
0
0
0
1.178268e-02
1.037736e-01
2.065746e-01
3.002668e-01
3.807188e-01
4.443833e-01
4.884530e-01
5.109845e-01
5.109845e-01
4.884530e-01
4.443833e-01
3.807188e-01
3.002668e-01
2.065746e-01
1.037736e-01
1.178268e-02
0
0
0
0
0
0
0
0
1.020617e-02
1.006842e-01
2.041274e-01
2.984890e-01
3.795711e-01
4.437663e-01
4.882187e-01
5.109506e-01
5.109506e-01
4.882187e-01
4.437663e-01
3.795711e-01
2.984890e-01
2.041274e-01
1.006842e-01
1.020617e-02
0
0
0
0
0
0
0
0
8.736414e-03
9.756318e-02
2.016526e-01
2.966899e-01
3.784089e-01
4.431413e-01
4.879813e-01
5.109161e-01
5.109161e-01
4.879813e-01
4.431413e-01
3.784089e-01
2.966899e-01
2.016526e-01
9.756318e-02
8.736414e-03
0
0
0
0
0
0
0
0
7.051621e-03
9.361697e-02
1.985198e-01
2.944102e-01
3.769353e-01
4.423484e-01
4.876801e-01
5.108724e-01
5.108724e-01
4.876801e-01
4.423484e-01
3.769353e-01
2.944102e-01
1.985198e-01
9.361697e-02
7.051621e-03
0
0
0
0
0
0
0
0
5.827591e-03
9.042360e-02
1.959816e-01
2.925616e-01
3.757395e-01
4.417047e-01
4.874355e-01
5.108369e-01
5.108369e-01
4.874355e-01
4.417047e-01
3.757395e-01
2.925616e-01
1.959816e-01
9.042360e-02
5.827591e-03
0
0
0
0
0
0
0
0
4.454883e-03
8.638581e-02
1.927683e-01
2.902192e-01
3.742231e-01
4.408881e-01
4.871251e-01
5.107918e-01
5.107918e-01
4.871251e-01
4.408881e-01
3.742231e-01
2.902192e-01
1.927683e-01
8.638581e-02
4.454883e-03
0
0
0
0
0
0
0
0
3.484510e-03
8.311825e-02
1.901648e-01
2.883194e-01
3.729925e-01
4.402249e-01
4.868729e-01
5.107552e-01
5.107552e-01
4.868729e-01
4.402249e-01
3.729925e-01
2.883194e-01
1.901648e-01
8.311825e-02
3.484510e-03
0
0
0
0
0
0
0
0
2.433962e-03
7.898654e-02
1.868685e-01
2.859118e-01
3.714318e-01
4.393835e-01
4.865528e-01
5.107088e-01
5.107088e-01
4.865528e-01
4.393835e-01
3.714318e-01
2.859118e-01
1.868685e-01
7.898654e-02
2.433962e-03
0
0
0
0
0
0
0
0
1.725468e-03
7.564291e-02
1.841975e-01
2.839590e-01
3.701650e-01
4.387001e-01
4.862928e-01
5.106710e-01
5.106710e-01
4.862928e-01
4.387001e-01
3.701650e-01
2.839590e-01
1.841975e-01
7.564291e-02
1.725468e-03
0
0
0
0
0
0
0
0
1.136074e-03
7.226487e-02
1.814959e-01
2.819821e-01
3.688816e-01
4.380075e-01
4.860292e-01
5.106327e-01
5.106327e-01
4.860292e-01
4.380075e-01
3.688816e-01
2.819821e-01
1.814959e-01
7.226487e-02
1.136074e-03
0
0
0
0
0
0
0
0
5.694166e-04
6.799335e-02
1.780752e-01
2.794763e-01
3.672538e-01
4.371286e-01
4.856945e-01
5.105841e-01
5.105841e-01
4.856945e-01
4.371286e-01
3.672538e-01
2.794763e-01
1.780752e-01
6.799335e-02
5.694166e-04
0
0
0
0
0
0
0
0
2.542733e-04
6.453650e-02
1.753031e-01
2.774437e-01
3.659322e-01
4.364146e-01
4.854225e-01
5.105446e-01
5.105446e-01
4.854225e-01
4.364146e-01
3.659322e-01
2.774437e-01
1.753031e-01
6.453650e-02
2.542733e-04
0
0
0
0
0
0
0
0
6.387048e-05
6.104400e-02
1.724990e-01
2.753855e-01
3.645932e-01
4.356908e-01
4.851467e-01
5.105045e-01
5.105045e-01
4.851467e-01
4.356908e-01
3.645932e-01
2.753855e-01
1.724990e-01
6.104400e-02
6.387048e-05
0
0
0
0
0
0
0
0
0
5.751546e-02
1.696623e-01
2.733016e-01
3.632364e-01
4.349570e-01
4.848671e-01
5.104639e-01
5.104639e-01
4.848671e-01
4.349570e-01
3.632364e-01
2.733016e-01
1.696623e-01
5.751546e-02
0
0
0
0
0
0
0
0
0
0
5.315441e-02
1.660702e-01
2.706597e-01
3.615150e-01
4.340255e-01
4.845119e-01
5.104122e-01
5.104122e-01
4.845119e-01
4.340255e-01
3.615150e-01
2.706597e-01
1.660702e-01
5.315441e-02
0
0
0
0
0
0
0
0
0
0
3.617939e-02
1.186031e-01
1.951893e-01
2.617756e-01
3.149508e-01
3.519906e-01
3.709974e-01
3.709974e-01
3.519906e-01
3.149508e-01
2.617756e-01
1.951893e-01
1.186031e-01
3.617939e-02
0
0
0
0
0
0
0
0
0
0
3.320249e-02
1.159229e-01
1.932137e-01
2.604862e-01
3.142523e-01
3.517241e-01
3.709586e-01
3.709586e-01
3.517241e-01
3.142523e-01
2.604862e-01
1.932137e-01
1.159229e-01
3.320249e-02
0
0
0
0
0
0
0
0
0
0
3.033598e-02
1.132035e-01
1.912067e-01
2.591750e-01
3.135414e-01
3.514527e-01
3.709191e-01
3.709191e-01
3.514527e-01
3.135414e-01
2.591750e-01
1.912067e-01
1.132035e-01
3.033598e-02
0
0
0
0
0
0
0
0
0
0
2.812370e-02
1.109992e-01
1.895779e-01
2.581100e-01
3.129637e-01
3.512321e-01
3.708870e-01
3.708870e-01
3.512321e-01
3.129637e-01
2.581100e-01
1.895779e-01
1.109992e-01
2.812370e-02
0
0
0
0
0
0
0
0
0
0
2.546145e-02
1.082074e-01
1.875125e-01
2.567583e-01
3.122300e-01
3.509517e-01
3.708462e-01
3.708462e-01
3.509517e-01
3.122300e-01
2.567583e-01
1.875125e-01
1.082074e-01
2.546145e-02
0
0
0
0
0
0
0
0
0
0
2.341561e-02
1.059443e-01
1.858363e-01
2.556603e-01
3.116336e-01
3.507238e-01
3.708131e-01
3.708131e-01
3.507238e-01
3.116336e-01
2.556603e-01
1.858363e-01
1.059443e-01
2.341561e-02
0
0
0
0
0
0
0
0
0
0
2.096509e-02
1.030779e-01
1.837105e-01
2.542665e-01
3.108761e-01
3.504341e-01
3.707709e-01
3.707709e-01
3.504341e-01
3.108761e-01
2.542665e-01
1.837105e-01
1.030779e-01
2.096509e-02
0
0
0
0
0
0
0
0
0
0
1.863559e-02
1.001690e-01
1.815501e-01
2.528486e-01
3.101049e-01
3.501391e-01
3.707279e-01
3.707279e-01
3.501391e-01
3.101049e-01
2.528486e-01
1.815501e-01
1.001690e-01
1.863559e-02
0
0
0
0
0
0
0
0
0
0
1.729699e-02
9.840291e-02
1.802370e-01
2.519861e-01
3.096355e-01
3.499595e-01
3.707018e-01
3.707018e-01
3.499595e-01
3.096355e-01
2.519861e-01
1.802370e-01
9.840291e-02
1.729699e-02
0
0
0
0
0
0
0
0
0
0
1.516624e-02
9.542449e-02
1.780199e-01
2.505284e-01
3.088417e-01
3.496556e-01
3.706575e-01
3.706575e-01
3.496556e-01
3.088417e-01
2.505284e-01
1.780199e-01
9.542449e-02
1.516624e-02
0
0
0
0
0
0
0
0
0
0
1.355332e-02
9.300983e-02
1.762200e-01
2.493439e-01
3.081962e-01
3.494083e-01
3.706215e-01
3.706215e-01
3.494083e-01
3.081962e-01
2.493439e-01
1.762200e-01
9.300983e-02
1.355332e-02
0
0
0
0
0
0
0
0
0
0
1.165398e-02
8.995094e-02
1.739368e-01
2.478398e-01
3.073759e-01
3.490940e-01
3.705757e-01
3.705757e-01
3.490940e-01
3.073759e-01
2.478398e-01
1.739368e-01
8.995094e-02
1.165398e-02
0
0
0
0
0
0
0
0
0
0
9.886885e-03
8.684627e-02
1.716158e-01
2.463091e-01
3.065405e-01
3.487737e-01
3.705290e-01
3.705290e-01
3.487737e-01
3.065405e-01
2.463091e-01
1.716158e-01
8.684627e-02
9.886885e-03
0
0
0
0
0
0
0
0
0
0
8.570266e-03
8.432904e-02
1.697313e-01
2.450649e-01
3.058610e-01
3.485131e-01
3.704910e-01
3.704910e-01
3.485131e-01
3.058610e-01
2.450649e-01
1.697313e-01
8.432904e-02
8.570266e-03
0
0
0
0
0
0
0
0
0
0
7.048168e-03
8.113999e-02
1.673403e-01
2.434846e-01
3.049972e-01
3.481816e-01
3.704426e-01
3.704426e-01
3.481816e-01
3.049972e-01
2.434846e-01
1.673403e-01
8.113999e-02
7.048168e-03
0
0
0
0
0
0
0
0
0
0
5.666077e-03
7.790294e-02
1.649093e-01
2.418760e-01
3.041172e-01
3.478437e-01
3.703933e-01
3.703933e-01
3.478437e-01
3.041172e-01
2.418760e-01
1.649093e-01
7.790294e-02
5.666077e-03
0
0
0
0
0
0
0
0
0
0
4.663197e-03
7.527819e-02
1.629352e-01
2.405682e-01
3.034012e-01
3.475686e-01
3.703532e-01
3.703532e-01
3.475686e-01
3.034012e-01
2.405682e-01
1.629352e-01
7.527819e-02
4.663197e-03
0
0
0
0
0
0
0
0
0
0
3.540556e-03
7.195270e-02
1.604301e-01
2.389068e-01
3.024909e-01
3.472188e-01
3.703021e-01
3.703021e-01
3.472188e-01
3.024909e-01
2.389068e-01
1.604301e-01
7.195270e-02
3.540556e-03
0
0
0
0
0
0
0
0
0
0
2.749099e-03
6.925613e-02
1.583955e-01
2.375559e-01
3.017501e-01
3.469339e-01
3.702605e-01
3.702605e-01
3.469339e-01
3.017501e-01
2.375559e-01
1.583955e-01
6.925613e-02
2.749099e-03
0
0
0
0
0
0
0
0
0
0
1.895687e-03
6.583950e-02
1.558135e-01
2.358395e-01
3.008081e-01
3.465714e-01
3.702076e-01
3.702076e-01
3.465714e-01
3.008081e-01
2.358395e-01
1.558135e-01
6.583950e-02
1.895687e-03
0
0
0
0
0
0
0
0
0
0
1.196228e-03
6.237106e-02
1.531875e-01
2.340915e-01
2.998479e-01
3.462017e-01
3.701536e-01
3.701536e-01
3.462017e-01
2.998479e-01
2.340915e-01
1.531875e-01
6.237106e-02
1.196228e-03
0
0
0
0
0
0
0
0
0
0
8.517851e-04
6.026477e-02
1.515904e-01
2.330272e-01
2.992628e-01
3.459764e-01
3.701207e-01
3.701207e-01
3.459764e-01
2.992628e-01
2.330272e-01
1.515904e-01
6.026477e-02
8.517851e-04
0
0
0
0
0
0
0
0
0
0
4.053759e-04
5.671165e-02
1.488920e-01
2.312270e-01
2.982724e-01
3.455947e-01
3.700649e-01
3.700649e-01
3.455947e-01
2.982724e-01
2.312270e-01
1.488920e-01
5.671165e-02
4.053759e-04
0
0
0
0
0
0
0
0
0
0
1.650682e-04
5.383027e-02
1.466999e-01
2.297628e-01
2.974660e-01
3.452838e-01
3.700195e-01
3.700195e-01
3.452838e-01
2.974660e-01
2.297628e-01
1.466999e-01
5.383027e-02
1.650682e-04
0
0
0
0
0
0
0
0
0
0
1.356851e-05
5.017922e-02
1.439173e-01
2.279016e-01
2.964402e-01
3.448880e-01
3.699616e-01
3.699616e-01
3.448880e-01
2.964402e-01
2.279016e-01
1.439173e-01
5.017922e-02
1.356851e-05
0
0
0
0
0
0
0
0
0
0
0
4.650328e-02
1.410864e-01
2.260053e-01
2.953939e-01
3.444841e-01
3.699025e-01
3.699025e-01
3.444841e-01
2.953939e-01
2.260053e-01
1.410864e-01
4.650328e-02
0
0
0
0
0
0
0
0
0
0
0
0
4.363482e-02
1.387863e-01
2.244625e-01
2.945419e-01
3.441549e-01
3.698543e-01
3.698543e-01
3.441549e-01
2.945419e-01
2.244625e-01
1.387863e-01
4.363482e-02
0
0
0
0
0
0
0
0
0
0
0
0
4.015556e-02
1.358661e-01
2.225010e-01
2.934575e-01
3.437358e-01
3.697930e-01
3.697930e-01
3.437358e-01
2.934575e-01
2.225010e-01
1.358661e-01
4.015556e-02
0
0
0
0
0
0
0
0
0
0
0
0
3.745887e-02
1.334931e-01
2.209048e-01
2.925743e-01
3.433942e-01
3.697430e-01
3.697430e-01
3.433942e-01
2.925743e-01
2.209048e-01
1.334931e-01
3.745887e-02
0
0
0
0
0
0
0
0
0
0
0
0
3.419887e-02
1.304800e-01
2.188751e-01
2.914500e-01
3.429590e-01
3.696792e-01
3.696792e-01
3.429590e-01
2.914500e-01
2.188751e-01
1.304800e-01
3.419887e-02
0
0
0
0
0
0
0
0
0
0
0
0
1.985027e-02
8.141714e-02
1.385386e-01
1.855027e-01
2.188660e-01
2.361825e-01
2.361825e-01
2.188660e-01
1.855027e-01
1.385386e-01
8.141714e-02
1.985027e-02
0
0
0
0
0
0
0
0
0
0
0
0
1.830734e-02
7.982482e-02
1.374625e-01
1.849053e-01
2.186345e-01
2.361485e-01
2.361485e-01
2.186345e-01
1.849053e-01
1.374625e-01
7.982482e-02
1.830734e-02
0
0
0
0
0
0
0
0
0
0
0
0
1.645436e-02
7.780267e-02
1.360939e-01
1.841447e-01
2.183395e-01
2.361053e-01
2.361053e-01
2.183395e-01
1.841447e-01
1.360939e-01
7.780267e-02
1.645436e-02
0
0
0
0
0
0
0
0
0
0
0
0
1.503381e-02
7.615909e-02
1.349797e-01
1.835248e-01
2.180989e-01
2.360700e-01
2.360700e-01
2.180989e-01
1.835248e-01
1.349797e-01
7.615909e-02
1.503381e-02
0
0
0
0
0
0
0
0
0
0
0
0
1.333708e-02
7.407163e-02
1.335623e-01
1.827354e-01
2.177923e-01
2.360250e-01
2.360250e-01
2.177923e-01
1.827354e-01
1.335623e-01
7.407163e-02
1.333708e-02
0
0
0
0
0
0
0
0
0
0
0
0
1.173015e-02
7.194681e-02
1.321168e-01
1.819293e-01
2.174790e-01
2.359790e-01
2.359790e-01
2.174790e-01
1.819293e-01
1.321168e-01
7.194681e-02
1.173015e-02
0
0
0
0
0
0
0
0
0
0
0
0
1.051070e-02
7.021953e-02
1.309398e-01
1.812721e-01
2.172234e-01
2.359415e-01
2.359415e-01
2.172234e-01
1.812721e-01
1.309398e-01
7.021953e-02
1.051070e-02
0
0
0
0
0
0
0
0
0
0
0
0
9.070916e-03
6.802546e-02
1.294420e-01
1.804348e-01
2.168974e-01
2.358936e-01
2.358936e-01
2.168974e-01
1.804348e-01
1.294420e-01
6.802546e-02
9.070916e-03
0
0
0
0
0
0
0
0
0
0
0
0
7.988134e-03
6.624173e-02
1.282222e-01
1.797521e-01
2.166315e-01
2.358545e-01
2.358545e-01
2.166315e-01
1.797521e-01
1.282222e-01
6.624173e-02
7.988134e-03
0
0
0
0
0
0
0
0
0
0
0
0
6.722944e-03
6.397576e-02
1.266698e-01
1.788821e-01
2.162923e-01
2.358047e-01
2.358047e-01
2.162923e-01
1.788821e-01
1.266698e-01
6.397576e-02
6.722944e-03
0
0
0
0
0
0
0
0
0
0
0
0
5.782928e-03
6.213341e-02
1.254052e-01
1.781725e-01
2.160154e-01
2.357640e-01
2.357640e-01
2.160154e-01
1.781725e-01
1.254052e-01
6.213341e-02
5.782928e-03
0
0
0
0
0
0
0
0
0
0
0
0
4.700151e-03
5.979279e-02
1.237955e-01
1.772681e-01
2.156622e-01
2.357120e-01
2.357120e-01
2.156622e-01
1.772681e-01
1.237955e-01
5.979279e-02
4.700151e-03
0
0
0
0
0
0
0
0
0
0
0
0
3.909314e-03
5.788960e-02
1.224841e-01
1.765303e-01
2.153739e-01
2.356696e-01
2.356696e-01
2.153739e-01
1.765303e-01
1.224841e-01
5.788960e-02
3.909314e-03
0
0
0
0
0
0
0
0
0
0
0
0
3.017174e-03
5.547150e-02
1.208145e-01
1.755897e-01
2.150059e-01
2.356154e-01
2.356154e-01
2.150059e-01
1.755897e-01
1.208145e-01
5.547150e-02
3.017174e-03
0
0
0
0
0
0
0
0
0
0
0
0
2.382252e-03
5.350515e-02
1.194540e-01
1.748221e-01
2.147054e-01
2.355711e-01
2.355711e-01
2.147054e-01
1.748221e-01
1.194540e-01
5.350515e-02
2.382252e-03
0
0
0
0
0
0
0
0
0
0
0
0
1.689381e-03
5.100663e-02
1.177216e-01
1.738433e-01
2.143218e-01
2.355146e-01
2.355146e-01
2.143218e-01
1.738433e-01
1.177216e-01
5.100663e-02
1.689381e-03
0
0
0
0
0
0
0
0
0
0
0
0
1.217454e-03
4.897476e-02
1.163097e-01
1.730445e-01
2.140085e-01
2.354684e-01
2.354684e-01
2.140085e-01
1.730445e-01
1.163097e-01
4.897476e-02
1.217454e-03
0
0
0
0
0
0
0
0
0
0
0
0
8.203389e-04
4.691298e-02
1.148742e-01
1.722311e-01
2.136892e-01
2.354213e-01
2.354213e-01
2.136892e-01
1.722311e-01
1.148742e-01
4.691298e-02
8.203389e-04
0
0
0
0
0
0
0
0
0
0
0
0
4.314150e-04
4.429296e-02
1.130458e-01
1.711937e-01
2.132815e-01
2.353611e-01
2.353611e-01
2.132815e-01
1.711937e-01
1.130458e-01
4.429296e-02
4.314150e-04
0
0
0
0
0
0
0
0
0
0
0
0
2.081409e-04
4.216210e-02
1.115553e-01
1.703465e-01
2.129484e-01
2.353120e-01
2.353120e-01
2.129484e-01
1.703465e-01
1.115553e-01
4.216210e-02
2.081409e-04
0
0
0
0
0
0
0
0
0
0
0
0
4.145609e-05
3.945414e-02
1.096566e-01
1.692657e-01
2.125228e-01
2.352491e-01
2.352491e-01
2.125228e-01
1.692657e-01
1.096566e-01
3.945414e-02
4.145609e-05
0
0
0
0
0
0
0
0
0
0
0
0
0
3.725165e-02
1.081085e-01
1.683829e-01
2.121749e-01
2.351977e-01
2.351977e-01
2.121749e-01
1.683829e-01
1.081085e-01
3.725165e-02
0
0
0
0
0
0
0
0
0
0
0
0
0
0
3.505851e-02
1.065339e-01
1.674838e-01
2.118202e-01
2.351452e-01
2.351452e-01
2.118202e-01
1.674838e-01
1.065339e-01
3.505851e-02
0
0
0
0
0
0
0
0
0
0
0
0
0
0
3.239033e-02
1.045275e-01
1.663360e-01
2.113669e-01
2.350782e-01
2.350782e-01
2.113669e-01
1.663360e-01
1.045275e-01
3.239033e-02
0
0
0
0
0
0
0
0
0
0
0
0
0
0
3.031586e-02
1.028912e-01
1.653983e-01
2.109962e-01
2.350233e-01
2.350233e-01
2.109962e-01
1.653983e-01
1.028912e-01
3.031586e-02
0
0
0
0
0
0
0
0
0
0
0
0
0
0
2.829606e-02
1.012266e-01
1.644428e-01
2.106180e-01
2.349673e-01
2.349673e-01
2.106180e-01
1.644428e-01
1.012266e-01
2.829606e-02
0
0
0
0
0
0
0
0
0
0
0
0
0
0
2.585025e-02
9.910489e-02
1.632227e-01
2.101346e-01
2.348957e-01
2.348957e-01
2.101346e-01
1.632227e-01
9.910489e-02
2.585025e-02
0
0
0
0
0
0
0
0
0
0
0
0
0
0
2.395834e-02
9.737412e-02
1.622254e-01
2.097391e-01
2.348370e-01
2.348370e-01
2.097391e-01
1.622254e-01
9.737412e-02
2.395834e-02
0
0
0
0
0
0
0
0
0
0
0
0
0
0
2.212544e-02
9.561295e-02
1.612089e-01
2.093354e-01
2.347772e-01
2.347772e-01
2.093354e-01
1.612089e-01
9.561295e-02
2.212544e-02
0
0
0
0
0
0
0
0
0
0
0
0
0
0
1.991942e-02
9.336773e-02
1.599104e-01
2.088192e-01
2.347005e-01
2.347005e-01
2.088192e-01
1.599104e-01
9.336773e-02
1.991942e-02
0
0
0
0
0
0
0
0
0
0
0
0
0
0
1.781058e-02
9.107267e-02
1.585801e-01
2.082895e-01
2.346219e-01
2.346219e-01
2.082895e-01
1.585801e-01
9.107267e-02
1.781058e-02
0
0
0
0
0
0
0
0
0
0
0
0
0
0
6.417989e-03
3.534846e-02
6.241160e-02
8.236991e-02
9.295134e-02
9.295134e-02
8.236991e-02
6.241160e-02
3.534846e-02
6.417989e-03
0
0
0
0
0
0
0
0
0
0
0
0
0
0
5.803926e-03
3.459302e-02
6.197192e-02
8.219441e-02
9.292525e-02
9.292525e-02
8.219441e-02
6.197192e-02
3.459302e-02
5.803926e-03
0
0
0
0
0
0
0
0
0
0
0
0
0
0
5.216479e-03
3.382402e-02
6.152345e-02
8.201519e-02
9.289858e-02
9.289858e-02
8.201519e-02
6.152345e-02
3.382402e-02
5.216479e-03
0
0
0
0
0
0
0
0
0
0
0
0
0
0
4.656296e-03
3.304118e-02
6.106598e-02
8.183215e-02
9.287133e-02
9.287133e-02
8.183215e-02
6.106598e-02
3.304118e-02
4.656296e-03
0
0
0
0
0
0
0
0
0
0
0
0
0
0
4.124029e-03
3.224420e-02
6.059927e-02
8.164518e-02
9.284347e-02
9.284347e-02
8.164518e-02
6.059927e-02
3.224420e-02
4.124029e-03
0
0
0
0
0
0
0
0
0
0
0
0
0
0
3.620363e-03
3.143276e-02
6.012309e-02
8.145416e-02
9.281500e-02
9.281500e-02
8.145416e-02
6.012309e-02
3.143276e-02
3.620363e-03
0
0
0
0
0
0
0
0
0
0
0
0
0
0
3.145991e-03
3.060656e-02
5.963717e-02
8.125898e-02
9.278588e-02
9.278588e-02
8.125898e-02
5.963717e-02
3.060656e-02
3.145991e-03
0
0
0
0
0
0
0
0
0
0
0
0
0
0
2.701632e-03
2.976528e-02
5.914127e-02
8.105951e-02
9.275611e-02
9.275611e-02
8.105951e-02
5.914127e-02
2.976528e-02
2.701632e-03
0
0
0
0
0
0
0
0
0
0
0
0
0
0
2.288021e-03
2.890858e-02
5.863511e-02
8.085564e-02
9.272566e-02
9.272566e-02
8.085564e-02
5.863511e-02
2.890858e-02
2.288021e-03
0
0
0
0
0
0
0
0
0
0
0
0
0
0
1.905917e-03
2.803613e-02
5.811844e-02
8.064723e-02
9.269451e-02
9.269451e-02
8.064723e-02
5.811844e-02
2.803613e-02
1.905917e-03
0
0
0
0
0
0
0
0
0
0
0
0
0
0
1.473779e-03
2.692292e-02
5.745736e-02
8.038014e-02
9.265455e-02
9.265455e-02
8.038014e-02
5.745736e-02
2.692292e-02
1.473779e-03
0
0
0
0
0
0
0
0
0
0
0
0
0
0
1.239358e-03
2.624264e-02
5.705237e-02
8.021626e-02
9.263002e-02
9.263002e-02
8.021626e-02
5.705237e-02
2.624264e-02
1.239358e-03
0
0
0
0
0
0
0
0
0
0
0
0
0
0
9.565270e-04
2.532089e-02
5.650239e-02
7.999342e-02
9.259664e-02
9.259664e-02
7.999342e-02
5.650239e-02
2.532089e-02
9.565270e-04
0
0
0
0
0
0
0
0
0
0
0
0
0
0
7.084434e-04
2.438199e-02
5.594070e-02
7.976547e-02
9.256247e-02
9.256247e-02
7.976547e-02
5.594070e-02
2.438199e-02
7.084434e-04
0
0
0
0
0
0
0
0
0
0
0
0
0
0
4.959784e-04
2.342558e-02
5.536699e-02
7.953227e-02
9.252748e-02
9.252748e-02
7.953227e-02
5.536699e-02
2.342558e-02
4.959784e-04
0
0
0
0
0
0
0
0
0
0
0
0
0
0
3.605394e-04
2.269655e-02
5.492861e-02
7.935382e-02
9.250069e-02
9.250069e-02
7.935382e-02
5.492861e-02
2.269655e-02
3.605394e-04
0
0
0
0
0
0
0
0
0
0
0
0
0
0
2.125658e-04
2.170858e-02
5.433304e-02
7.911102e-02
9.246421e-02
9.246421e-02
7.911102e-02
5.433304e-02
2.170858e-02
2.125658e-04
0
0
0
0
0
0
0
0
0
0
0
0
0
0
1.265559e-04
2.095544e-02
5.387788e-02
7.892518e-02
9.243627e-02
9.243627e-02
7.892518e-02
5.387788e-02
2.095544e-02
1.265559e-04
0
0
0
0
0
0
0
0
0
0
0
0
0
0
4.593789e-05
1.993473e-02
5.325939e-02
7.867227e-02
9.239821e-02
9.239821e-02
7.867227e-02
5.325939e-02
1.993473e-02
4.593789e-05
0
0
0
0
0
0
0
0
0
0
0
0
0
0
1.155605e-05
1.915658e-02
5.278662e-02
7.847863e-02
9.236905e-02
9.236905e-02
7.847863e-02
5.278662e-02
1.915658e-02
1.155605e-05
0
0
0
0
0
0
0
0
0
0
0
0
0
0
0
1.810322e-02
5.214408e-02
7.821504e-02
9.232933e-02
9.232933e-02
7.821504e-02
5.214408e-02
1.810322e-02
0
0
0
0
0
0
0
0
0
0
0
0
0
0
0
0
1.731868e-02
5.165283e-02
7.801317e-02
9.229889e-02
9.229889e-02
7.801317e-02
5.165283e-02
1.731868e-02
0
0
0
0
0
0
0
0
0
0
0
0
0
0
0
0
1.629205e-02
5.098504e-02
7.773829e-02
9.225740e-02
9.225740e-02
7.773829e-02
5.098504e-02
1.629205e-02
0
0
0
0
0
0
0
0
0
0
0
0
0
0
0
0
1.553700e-02
5.047439e-02
7.752773e-02
9.222559e-02
9.222559e-02
7.752773e-02
5.047439e-02
1.553700e-02
0
0
0
0
0
0
0
0
0
0
0
0
0
0
0
0
1.504090e-02
5.012917e-02
7.738520e-02
9.220404e-02
9.220404e-02
7.738520e-02
5.012917e-02
1.504090e-02
0
0
0
0
0
0
0
0
0
0
0
0
0
0
0
0
1.430783e-02
4.960406e-02
7.716812e-02
9.217121e-02
9.217121e-02
7.716812e-02
4.960406e-02
1.430783e-02
0
0
0
0
0
0
0
0
0
0
0
0
0
0
0
0
1.335161e-02
4.889000e-02
7.687238e-02
9.212644e-02
9.212644e-02
7.687238e-02
4.889000e-02
1.335161e-02
0
0
0
0
0
0
0
0
0
0
0
0
0
0
0
0
1.265075e-02
4.834377e-02
7.664573e-02
9.209210e-02
9.209210e-02
7.664573e-02
4.834377e-02
1.265075e-02
0
0
0
0
0
0
0
0
0
0
0
0
0
0
0
0
1.219146e-02
4.797442e-02
7.649226e-02
9.206883e-02
9.206883e-02
7.649226e-02
4.797442e-02
1.219146e-02
0
0
0
0
0
0
0
0
0
0
0
0
0
0
0
0
1.151464e-02
4.741245e-02
7.625842e-02
9.203335e-02
9.203335e-02
7.625842e-02
4.741245e-02
1.151464e-02
0
0
0
0
0
0
0
0
0
0
0
0
0
0
0
0
8.107013e-03
3.499024e-02
5.678734e-02
6.872224e-02
6.872224e-02
5.678734e-02
3.499024e-02
8.107013e-03
0
0
0
0
0
0
0
0
0
0
0
0
0
0
0
0
7.783665e-03
3.470143e-02
5.666678e-02
6.870393e-02
6.870393e-02
5.666678e-02
3.470143e-02
7.783665e-03
0
0
0
0
0
0
0
0
0
0
0
0
0
0
0
0
7.465449e-03
3.440928e-02
5.654468e-02
6.868536e-02
6.868536e-02
5.654468e-02
3.440928e-02
7.465449e-03
0
0
0
0
0
0
0
0
0
0
0
0
0
0
0
0
7.152442e-03
3.411373e-02
5.642102e-02
6.866655e-02
6.866655e-02
5.642102e-02
3.411373e-02
7.152442e-03
0
0
0
0
0
0
0
0
0
0
0
0
0
0
0
0
6.692863e-03
3.366395e-02
5.623252e-02
6.863785e-02
6.863785e-02
5.623252e-02
3.366395e-02
6.692863e-03
0
0
0
0
0
0
0
0
0
0
0
0
0
0
0
0
6.542362e-03
3.351227e-02
5.616888e-02
6.862816e-02
6.862816e-02
5.616888e-02
3.351227e-02
6.542362e-03
0
0
0
0
0
0
0
0
0
0
0
0
0
0
0
0
6.099079e-03
3.305190e-02
5.597546e-02
6.859868e-02
6.859868e-02
5.597546e-02
3.305190e-02
6.099079e-03
0
0
0
0
0
0
0
0
0
0
0
0
0
0
0
0
5.954095e-03
3.289664e-02
5.591015e-02
6.858872e-02
6.858872e-02
5.591015e-02
3.289664e-02
5.954095e-03
0
0
0
0
0
0
0
0
0
0
0
0
0
0
0
0
5.668358e-03
3.258338e-02
5.577825e-02
6.856859e-02
6.856859e-02
5.577825e-02
3.258338e-02
5.668358e-03
0
0
0
0
0
0
0
0
0
0
0
0
0
0
0
0
5.388321e-03
3.226642e-02
5.564461e-02
6.854819e-02
6.854819e-02
5.564461e-02
3.226642e-02
5.388321e-03
0
0
0
0
0
0
0
0
0
0
0
0
0
0
0
0
5.250473e-03
3.210654e-02
5.557713e-02
6.853788e-02
6.853788e-02
5.557713e-02
3.210654e-02
5.250473e-03
0
0
0
0
0
0
0
0
0
0
0
0
0
0
0
0
4.979174e-03
3.178393e-02
5.544083e-02
6.851705e-02
6.851705e-02
5.544083e-02
3.178393e-02
4.979174e-03
0
0
0
0
0
0
0
0
0
0
0
0
0
0
0
0
4.845747e-03
3.162119e-02
5.537201e-02
6.850653e-02
6.850653e-02
5.537201e-02
3.162119e-02
4.845747e-03
0
0
0
0
0
0
0
0
0
0
0
0
0
0
0
0
4.713814e-03
3.145749e-02
5.530272e-02
6.849593e-02
6.849593e-02
5.530272e-02
3.145749e-02
4.713814e-03
0
0
0
0
0
0
0
0
0
0
0
0
0
0
0
0
4.583389e-03
3.129281e-02
5.523298e-02
6.848526e-02
6.848526e-02
5.523298e-02
3.129281e-02
4.583389e-03
0
0
0
0
0
0
0
0
0
0
0
0
0
0
0
0
4.454483e-03
3.112715e-02
5.516278e-02
6.847452e-02
6.847452e-02
5.516278e-02
3.112715e-02
4.454483e-03
0
0
0
0
0
0
0
0
0
0
0
0
0
0
0
0
4.454483e-03
3.112715e-02
5.516278e-02
6.847452e-02
6.847452e-02
5.516278e-02
3.112715e-02
4.454483e-03
0
0
0
0
0
0
0
0
0
0
0
0
0
0
0
0
4.327108e-03
3.096050e-02
5.509210e-02
6.846370e-02
6.846370e-02
5.509210e-02
3.096050e-02
4.327108e-03
0
0
0
0
0
0
0
0
0
0
0
0
0
0
0
0
4.327108e-03
3.096050e-02
5.509210e-02
6.846370e-02
6.846370e-02
5.509210e-02
3.096050e-02
4.327108e-03
0
0
0
0
0
0
0
0
0
0
0
0
0
0
0
0
4.201275e-03
3.079286e-02
5.502095e-02
6.845280e-02
6.845280e-02
5.502095e-02
3.079286e-02
4.201275e-03
0
0
0
0
0
0
0
0
0
0
0
0
0
0
0
0
4.201275e-03
3.079286e-02
5.502095e-02
6.845280e-02
6.845280e-02
5.502095e-02
3.079286e-02
4.201275e-03
0
0
0
0
0
0
0
0
0
0
0
0
0
0
0
0
4.201275e-03
3.079286e-02
5.502095e-02
6.845280e-02
6.845280e-02
5.502095e-02
3.079286e-02
4.201275e-03
0
0
0
0
0
0
0
0
0
0
0
0
0
0
0
0
4.201275e-03
3.079286e-02
5.502095e-02
6.845280e-02
6.845280e-02
5.502095e-02
3.079286e-02
4.201275e-03
0
0
0
0
0
0
0
0
0
0
0
0
0
0
0
0
4.327108e-03
3.096050e-02
5.509210e-02
6.846370e-02
6.846370e-02
5.509210e-02
3.096050e-02
4.327108e-03
0
0
0
0
0
0
0
0
0
0
0
0
0
0
0
0
4.327108e-03
3.096050e-02
5.509210e-02
6.846370e-02
6.846370e-02
5.509210e-02
3.096050e-02
4.327108e-03
0
0
0
0
0
0
0
0
0
0
0
0
0
0
0
0
4.327108e-03
3.096050e-02
5.509210e-02
6.846370e-02
6.846370e-02
5.509210e-02
3.096050e-02
4.327108e-03
0
0
0
0
0
0
0
0
0
0
0
0
0
0
0
0
4.454483e-03
3.112715e-02
5.516278e-02
6.847452e-02
6.847452e-02
5.516278e-02
3.112715e-02
4.454483e-03
0
0
0
0
0
0
0
0
0
0
0
0
0
0
0
0
4.583389e-03
3.129281e-02
5.523298e-02
6.848526e-02
6.848526e-02
5.523298e-02
3.129281e-02
4.583389e-03
0
0
0
0
0
0
0
0
0
0
0
0
0
0
0
0
4.713814e-03
3.145749e-02
5.530272e-02
6.849593e-02
6.849593e-02
5.530272e-02
3.145749e-02
4.713814e-03
0
0
0
0
0
0
0
0
0
0
0
0
0
0
0
0
4.845747e-03
3.162119e-02
5.537201e-02
6.850653e-02
6.850653e-02
5.537201e-02
3.162119e-02
4.845747e-03
0
0
0
0
0
0
0
0
0
0
0
0
0
0
0
0
4.979174e-03
3.178393e-02
5.544083e-02
6.851705e-02
6.851705e-02
5.544083e-02
3.178393e-02
4.979174e-03
0
0
0
0
0
0
0
0
