 0837 1546 0802 1642 0700 1742 0640 1945 0526 2045 0433 2139 0429 2154 0513 2114 0612 2003 0710 1844 0713 1629 0812 1541


 0836 1547 0800 1644 0657 1744 0637 1947 0524 2047 0432 2141 0430 2154 0515 2112 0614 2000 0712 1842 0715 1627 0813 1540


 0836 1549 0758 1646 0655 1746 0635 1949 0522 2049 0431 2142 0430 2153 0517 2110 0616 1957 0714 1839 0717 1625 0815 1540


 0836 1550 0756 1648 0652 1748 0632 1951 0520 2051 0430 2143 0431 2153 0519 2108 0618 1955 0716 1837 0719 1623 0816 1539


 0835 1551 0754 1650 0650 1750 0630 1953 0518 2053 0429 2144 0432 2152 0520 2106 0620 1952 0718 1834 0721 1621 0818 1538


 0835 1553 0752 1653 0647 1752 0627 1955 0515 2055 0428 2145 0433 2151 0522 2104 0622 1950 0720 1831 0723 1619 0819 1538


 0834 1554 0750 1655 0645 1754 0624 1957 0513 2057 0428 2146 0434 2150 0524 2102 0624 1947 0722 1829 0725 1617 0821 1537


 0833 1556 0748 1657 0642 1756 0622 1959 0511 2059 0427 2147 0436 2150 0526 2100 0626 1944 0724 1826 0727 1615 0822 1537


 0833 1557 0746 1659 0639 1759 0619 2001 0509 2101 0426 2148 0437 2149 0528 2058 0627 1942 0726 1824 0729 1613 0823 1536


0832 1559 0744 1701 0637 1801 0617 2003 0507 2103 0426 2149 0438 2148 0530 2055 0629 1939 0728 1821 0731 1611 0825 1536


0831 1601 0742 1703 0634 1803 0614 2005 0505 2104 0425 2150 0439 2147 0532 2053 0631 1937 0730 1819 0734 1609 0826 1536


0830 1602 0739 1706 0632 1805 0612 2007 0503 2106 0425 2151 0441 2146 0534 2051 0633 1934 0732 1816 0736 1608 0827 1535


0829 1604 0737 1708 0629 1807 0609 2009 0502 2108 0424 2152 0442 2144 0536 2049 0635 1931 0734 1814 0738 1606 0828 1535


0828 1606 0735 1710 0627 1809 0607 2011 0500 2110 0424 2152 0443 2143 0538 2046 0637 1929 0736 1811 0740 1604 0829 1535


0827 1608 0733 1712 0624 1811 0604 2013 0458 2112 0424 2153 0445 2142 0539 2044 0639 1926 0738 1809 0742 1602 0830 1535


0826 1609 0730 1714 0621 1813 0602 2015 0456 2114 0424 2154 0446 2141 0541 2042 0641 1923 0740 1806 0744 1601 0831 1535


0825 1611 0728 1716 0619 1815 0559 2017 0454 2115 0424 2154 0448 2139 0543 2039 0643 1921 0742 1804 0746 1559 0832 1536


0824 1613 0726 1718 0616 1817 0557 2019 0453 2117 0424 2155 0449 2138 0545 2037 0645 1918 0744 1802 0748 1558 0833 1536


0822 1615 0724 1721 0614 1819 0554 2021 0451 2119 0424 2155 0451 2136 0547 2035 0647 1916 0746 1759 0750 1556 0833 1536


0821 1617 0721 1723 0611 1821 0552 2023 0449 2121 0424 2155 0452 2135 0549 2032 0649 1913 0748 1757 0752 1555 0834 1536


0820 1619 0719 1725 0609 1823 0550 2025 0448 2122 0424 2155 0454 2133 0551 2030 0651 1910 0750 1754 0754 1553 0835 1537


0818 1621 0717 1727 0606 1825 0547 2027 0446 2124 0424 2156 0456 2132 0553 2027 0652 1908 0752 1752 0756 1552 0835 1537


0817 1623 0714 1729 0603 1827 0545 2029 0444 2126 0424 2156 0457 2130 0555 2025 0654 1905 0754 1750 0758 1550 0836 1538


0815 1625 0712 1731 0601 1829 0542 2031 0443 2127 0425 2156 0459 2129 0557 2022 0656 1903 0756 1747 0800 1549 0836 1539


0814 1627 0709 1733 0558 1831 0540 2033 0442 2129 0425 2156 0501 2127 0559 2020 0658 1900 0758 1745 0801 1548 0836 1539


0812 1629 0707 1735 0656 1933 0538 2035 0440 2131 0426 2156 0502 2125 0601 2018 0700 1857 0800 1743 0803 1547 0837 1540


0810 1631 0705 1738 0653 1935 0535 2037 0439 2132 0426 2155 0504 2123 0603 2015 0702 1855 0802 1740 0805 1545 0837 1541


0809 1633 0702 1740 0650 1937 0533 2039 0437 2134 0427 2155 0506 2122 0605 2013 0704 1852 0804 1738 0807 1544 0837 1542


0807 1635 0648 1939 0531 2041 0436 2135 0427 2155 0508 2120 0606 2010 0706 1850 0706 1636 0808 1543 0837 1543


0805 1637 0645 1941 0529 2043 0435 2137 0428 2155 0509 2118 0608 2008 0708 1847 0709 1634 0810 1542 0837 1544


0804 1640 0643 1943 0434 2138 0511 2116 0610 2005 0711 1631 0837 1545